-1.76969389125,-7.9052387266,0.0
1.41581637849,1.85786209441,1.0
0.952720047052,3.36080832871,1.0
0.366028627475,-2.24935138288,2.0
-1.97906515189,-6.01867427315,0.0
-0.735625091365,-2.64974506799,2.0
2.7645939519,-2.53452732147,2.0
-2.23187376692,-6.39166904626,0.0
0.159466206718,-0.059155674663,2.0
0.424314214153,4.09623720479,1.0
2.08726542752,-2.6279432309,2.0
0.0936803940106,4.6728739676,1.0
0.359064819946,0.367220333382,2.0
0.728396405888,-1.73107260499,2.0
0.681287481369,-2.31965929388,2.0
0.0895832783496,4.05629933111,1.0
2.64809951772,-1.61067042065,2.0
1.11979921336,-1.77488128597,2.0
0.605760297648,-2.63431658294,2.0
-2.11384866756,4.58709208647,1.0
1.33019863214,3.67084978411,1.0
1.6576640147,-2.50906858563,2.0
3.19711299497,0.296482580617,2.0
-3.51161445429,-8.39006664401,0.0
1.78061837886,-2.26720388236,2.0
1.37972116699,-2.8212393561,2.0
1.14027543552,2.57064816669,1.0
-3.5855161346,-4.92685350982,0.0
-0.203269711819,-0.484488670327,2.0
1.24638593025,3.37174512543,1.0
0.726970455506,2.53492956301,1.0
0.731167573395,3.33417270464,1.0
-0.383778690847,4.83586375665,1.0
1.42353429569,-1.97654514759,2.0
-0.661514877272,2.24157983688,1.0
0.525170043216,3.53272425355,1.0
1.70149367729,-1.17577838553,2.0
1.85214885556,-2.0501252972,2.0
-1.63739105026,2.48963519528,1.0
1.81627496532,-1.99845096134,2.0
-2.94846316973,-6.36789381012,0.0
1.41383282358,2.95904619306,1.0
-0.584605261849,-6.64002903948,0.0
-2.95871315306,-6.00755977116,0.0
-3.2448894934,-7.55003268248,0.0
0.969883139505,5.37366572898,1.0
-3.0968787099,-6.09428975847,0.0
-2.65897501248,-6.34582313415,0.0
1.49347782006,-1.79438503407,2.0
0.0414872834743,-3.08180071696,2.0
1.75933501236,2.4936248993,1.0
-1.54115758343,2.49200916229,1.0
-1.99075829292,-7.34849761428,0.0
-2.36747739982,-5.11754644712,0.0
0.448830503307,-3.78598168874,2.0
1.47280787562,-1.44158093559,2.0
2.5788043586,-1.91293381985,2.0
1.4514403604,-0.788817978115,2.0
0.80173145718,-1.82007103794,2.0
1.14509720522,2.02069349673,1.0
1.35992317792,2.42520329218,1.0
0.9576908507,-2.78207048613,2.0
0.539730755344,-2.47424831766,2.0
1.56565066043,4.30295378409,1.0
-2.36139788368,-7.42144317139,0.0
1.10896150561,0.92417492909,1.0
1.73845460922,-2.53184220147,2.0
-1.07895746874,4.11422058386,1.0
-0.132881248242,1.88546879115,1.0
-1.32995807006,3.81479284246,1.0
0.864309390365,-5.09864456825,2.0
-0.219110366444,3.86844832326,1.0
-0.402029976415,-2.11885201053,2.0
0.743696093045,1.0647741947,1.0
-2.62118882276,-7.43513623498,0.0
-3.07053780036,-5.15936583277,0.0
1.61143230595,-2.66865316553,2.0
1.38035553405,1.4836893959,1.0
1.16365581629,1.6414257665,1.0
0.109076839093,3.71502960844,1.0
-0.406057416374,2.69990555176,1.0
0.236946333831,-1.81833733692,2.0
1.1931850416,1.69076155094,1.0
1.50231767473,2.02889797466,1.0
1.72350230897,-2.03682733867,2.0
0.294154349203,-1.94595606215,2.0
0.816702336901,2.98009448449,1.0
-2.29610902379,-5.20100862081,0.0
2.07154424838,-0.701602360362,2.0
0.632069637138,-1.55320921687,2.0
-3.5178100664,-7.1191959583,0.0
1.45033117956,-0.611645911149,2.0
2.12415763648,-0.801280457144,2.0
-0.142157509028,-3.97494439138,2.0
-3.01028134214,-6.77184224636,0.0
-1.48397857541,-5.92451285637,0.0
2.19163581779,2.15478136128,1.0
1.04750249527,2.9095575711,1.0
-4.85812583128,-8.53942187273,0.0
0.963176366973,3.89290681052,1.0
-0.0512208979039,3.26358652936,1.0
-3.27501749723,-7.72561431998,0.0
1.44787821564,3.18142508713,1.0
0.27847902268,3.44048681782,1.0
-1.48050154517,-2.61301825533,2.0
0.931561529107,-2.49460863072,2.0
0.857495945775,1.79445241079,1.0
-2.64229536347,-6.9963162515,0.0
1.35328061787,-4.74173895749,2.0
1.44791184562,-2.56112936506,2.0
-0.399379560303,-2.65325793364,2.0
0.39794205922,-2.70471857782,2.0
1.1567408854,2.8994838885,1.0
-3.22609720942,-6.48774608716,0.0
0.562210158039,1.01085992991,2.0
-3.78126829663,-6.29347396445,0.0
0.978379064703,-1.42795099754,2.0
-1.95019258174,-7.55621505968,0.0
0.806416811504,3.39625593193,1.0
1.7255686156,-1.74503157373,2.0
0.817045958523,2.58237117824,1.0
0.704577691715,-1.55341558237,2.0
-3.01571613737,-7.49952128231,0.0
1.81318986594,2.48458248097,1.0
1.61394058865,-0.471572441579,2.0
2.28264966546,-3.32458163606,2.0
-2.07199166709,-7.00505273918,0.0
1.86370237109,-3.03913035292,2.0
-1.20336825307,-7.12933574336,0.0
-3.04682693882,-5.94664571705,0.0
-0.539024039473,-0.523592747148,2.0
0.762696961508,2.5559980975,1.0
-0.287373144394,-1.82050749037,2.0
1.82573284573,-1.06137986404,2.0
0.935933667822,2.29389005503,1.0
-2.63451477867,-5.86133461006,0.0
0.65808433733,-2.37952883604,2.0
1.13942349049,-0.477621437003,2.0
0.537783938346,-1.87208118949,2.0
0.338973030914,-2.40029886821,2.0
-0.462066607234,2.09930563667,1.0
1.76416582281,-3.15041299406,2.0
0.780885502278,-2.44767298851,2.0
0.467271324263,-0.923393205927,2.0
-3.79426799105,-6.18788163518,0.0
1.47248543051,3.09840743953,1.0
1.59710161796,-1.73100896999,2.0
1.08038902729,-3.63075774324,2.0
0.563503805986,2.55896397054,1.0
2.52433582362,-0.724944073455,2.0
-1.66940075361,-4.3254653237,0.0
-1.38051406039,-6.61945384791,0.0
1.96700767868,2.6427246596,1.0
-1.71084500337,-6.78888725529,0.0
-3.77942053475,-5.82880536013,0.0
2.33352719243,-3.14735164502,2.0
-2.3893066681,-7.14488664011,0.0
-3.29085953668,-6.56415434375,0.0
1.19091544544,-3.1894062193,2.0
-0.912823436387,2.51659152293,1.0
-0.903125212685,3.21448314525,1.0
1.85550422031,-1.75941561035,2.0
1.19592086091,-3.1844558268,2.0
0.83019443518,4.05149912296,1.0
-3.36633673629,-6.50479398798,0.0
-4.057341539,-7.36919462608,0.0
0.98063295949,2.70441642329,1.0
-2.14785322811,-6.17713119997,0.0
-3.50638345266,-8.49949911755,0.0
1.12117981073,-2.73310198862,2.0
-4.1032520256,-7.26996325191,0.0
0.586866090036,3.21912869921,1.0
2.30044349051,2.66325329694,1.0
0.0643695880178,-2.13343625767,2.0
0.989058100592,3.6181886044,1.0
1.38800317065,-1.86658770165,2.0
-0.262902700714,-3.21704078767,2.0
-2.83098902132,-7.04195986295,0.0
-2.57205753556,-8.5615560579,0.0
0.338584778732,3.06800896498,1.0
1.13229826917,-1.04188102053,2.0
-1.22961844507,-2.15077292566,2.0
1.58579501059,3.53808783923,1.0
2.17232792266,-2.30962279878,2.0
-2.2876135441,-6.78643424341,0.0
-2.54519092702,-6.30749287635,0.0
0.119024398869,1.77003530316,1.0
-0.5073194135,-6.03481280864,0.0
-3.18902517573,-6.55206369897,0.0
-3.29584965322,-6.68238173214,0.0
-2.38874237482,-5.84847891271,0.0
-0.794243755275,-5.80444917109,0.0
2.48377428229,2.97501195798,1.0
-1.3781819188,4.2067326956,1.0
-2.64413043209,-7.27722451628,0.0
-3.48304758135,-4.87421544573,0.0
1.55411590059,-3.17954557735,2.0
1.51314613619,-2.33120095141,2.0
1.36566057156,-1.14626511534,2.0
0.671385133147,4.2555881858,1.0
-2.70247453399,-5.8228588868,0.0
-3.09298342999,-4.93009706773,0.0
2.23783397912,-2.78781746984,2.0
1.14477257763,-1.71858352584,2.0
2.16582945569,-1.10543716088,2.0
-2.75116204592,-5.74763801357,0.0
1.51942039735,3.12221865303,1.0
1.18304661411,-3.02651430818,2.0
1.17395742954,-1.73852563471,2.0
-2.11163862466,-6.09992903082,0.0
-2.51402470247,-7.34142258875,0.0
2.42777171673,-4.04858478551,2.0
1.39412209202,-2.39139574502,2.0
-3.27667407475,-7.87283022902,0.0
-3.2500811879,-6.28246383805,0.0
-0.599643693106,-0.66082697524,2.0
-2.36731871292,-6.58246771709,0.0
-0.765936499283,-5.93358298824,0.0
-0.257779944709,-7.38133727725,0.0
-3.71633740463,-6.25712186971,0.0
2.09748423071,2.66676282943,1.0
1.72758344996,4.06607546276,1.0
-4.3247732656,-5.44263497157,0.0
1.2284309816,2.55158870674,1.0
0.0257758547768,-4.11642823149,2.0
1.10613681548,4.79871740345,1.0
-2.09151556994,-5.9721442911,0.0
-0.925028678933,-4.32314113209,0.0
-0.32256951542,-1.88145178834,2.0
-0.402253698114,4.3037075191,1.0
1.95848964259,3.32947259181,1.0
-2.73463737702,-8.76988096783,0.0
2.37907802101,-2.98500691644,2.0
-2.72577986607,-4.48623773006,0.0
-2.83381842244,-7.15717182959,0.0
-3.41671442099,-7.07968245255,0.0
-3.64247564617,-5.65214523055,0.0
-2.14354752385,-7.43771730055,0.0
1.09082811267,-2.7779389694,2.0
-2.92249710705,-7.27123264318,0.0
-2.62008507111,-5.40919633413,0.0
-0.817784004294,-6.97091924095,0.0
-0.494400777472,1.57805819685,1.0
0.114282924675,3.77265029272,1.0
0.439606372956,-2.01399999155,2.0
1.60009153517,-1.84855029802,2.0
-2.47124090058,-6.83288914316,0.0
-2.52849050859,-5.08813334631,0.0
3.5708794036,-1.20778444746,2.0
-0.463827190152,3.4734127084,1.0
-2.44956751565,-8.04184077337,0.0
0.949632212022,-1.54430969461,2.0
-2.71196431836,-7.65330201282,0.0
1.80348356798,2.77718804857,1.0
-0.096769669158,4.11676681032,1.0
0.976931833956,-1.67136780764,2.0
0.4125143055,2.88508315253,1.0
-3.91951717923,-7.8270974026,0.0
1.06236880925,-0.846613901252,2.0
0.16938209841,4.91606619313,1.0
1.91128822883,-2.5790954982,2.0
0.0857717892474,-2.47944294291,2.0
-1.79375292364,-6.63754363973,0.0
-1.98148714566,-6.08534614835,0.0
1.78263479126,-2.63608079324,2.0
0.992392254246,3.66915154728,1.0
-2.08219287094,-6.67240672284,0.0
1.86888319501,-2.81719811199,2.0
-1.89275237831,-6.30703652024,0.0
1.2286060152,-0.890610918552,2.0
-2.27628043002,-6.34909043726,0.0
-2.21392525219,-7.3671006852,0.0
-2.74452299253,-5.63992838577,0.0
3.57764942987,1.48078981742,1.0
-2.06374000199,-4.35769856788,0.0
-0.473751727212,1.87993407663,1.0
-3.65181341561,-4.73531347249,0.0
-2.90677432371,-7.25835570949,0.0
-0.709997918129,-0.274207687179,2.0
-2.16997946709,-6.67972034976,0.0
0.178474340968,1.03967752122,1.0
0.0235550540862,2.98447828596,1.0
-1.3838981121,-6.35726049346,0.0
-0.596574389804,2.87085120026,1.0
-0.118453887399,3.54159293166,1.0
-2.24076066147,-8.99665677559,0.0
0.732359946879,-3.26732331396,2.0
0.920410277407,-2.14376587616,2.0
-3.02540150428,-5.80972082083,0.0
0.0357060170208,1.05439358116,1.0
-0.03069879512,-1.42791220224,2.0
-2.48295023372,-6.93528318155,0.0
0.505329676302,-2.27296574063,2.0
0.944765455378,0.441282145598,2.0
2.83874704878,-2.1209802821,2.0
-1.92761997421,-6.44864326911,0.0
0.305733600327,2.44739252007,1.0
2.43073440668,-2.14711770168,2.0
0.659400463679,3.05305091752,1.0
-3.47097167565,-7.14785848356,0.0
2.28690093468,-0.720726845612,2.0
0.284353018453,3.12995767319,1.0
1.7993515724,-1.36312498502,2.0
-1.88889329742,-6.78786414764,0.0
-2.07540532638,-7.20496194505,0.0
-2.91006221669,-8.05105946665,0.0
0.730142479382,-2.7608559259,2.0
1.17778764021,4.16925553281,1.0
-0.133113320803,3.72068333971,1.0
-4.0210150045,-9.29838749356,0.0
0.66113227393,-2.39799037376,2.0
-0.201110153173,-1.64492971957,2.0
0.425495440622,4.74551423546,1.0
0.498810099067,3.08680625949,1.0
2.06377760525,2.21820759122,1.0
-0.00161042450847,2.81471894325,1.0
-0.663270350243,4.08679205114,1.0
-1.70010046111,-5.44314132805,0.0
-0.353089240376,2.20418650422,1.0
-1.92907865724,-7.08565094575,0.0
2.81885726571,0.23843828726,2.0
-2.22052743296,-7.25731906863,0.0
0.132456453566,-3.57120575723,2.0
-1.55451498058,-7.69424368682,0.0
0.604146891513,-0.772880122838,2.0
1.20577387346,4.43235391135,1.0
-1.47985313072,-7.98571132533,0.0
0.613175120613,-0.773614390598,2.0
1.07692830419,-2.34426977448,2.0
-2.70255610978,-6.18620324294,0.0
0.860838176518,3.7857393265,1.0
1.62142379247,2.51220704717,1.0
0.2971615566,4.46892561849,1.0
0.82871081261,-2.53957114863,2.0
-4.38102636131,-6.45762901287,0.0
2.09880289551,-3.29402872979,2.0
-5.69172392095,-5.12709158389,0.0
0.885208766068,1.94547792631,1.0
0.458071597874,-2.79902901898,2.0
1.11027217775,3.10662779494,1.0
-2.31870172909,-6.70841673158,0.0
1.329880332,3.9771861397,1.0
-0.783347388749,-1.208575766,2.0
1.07920835232,-0.555454845899,2.0
0.536219404075,4.13088746827,1.0
-2.36485830407,-7.41307047744,0.0
1.74171014555,-2.57195219719,2.0
-1.74355172972,-7.72600718057,0.0
0.190088243973,4.36249144152,1.0
0.206227542298,-0.897588630874,2.0
-2.77940778704,-6.22879626561,0.0
-0.435046935032,4.44528004069,1.0
-2.19527758422,-5.99822600727,0.0
1.10764400533,-2.18865229332,2.0
1.21604285901,-1.69634892837,2.0
-3.2837760891,-7.30978765646,0.0
-1.77384030439,-5.38649552416,0.0
1.04459070786,2.93166315527,1.0
-0.706574241211,4.02261539025,1.0
-0.222500812594,0.35671129508,1.0
-2.13708927837,-6.75635352987,0.0
0.721794115953,-0.0869643400555,2.0
-0.811426385319,-6.72250617628,0.0
1.50189440917,-1.89354477028,2.0
0.144340305516,2.10052073215,1.0
0.778590855606,-0.434843002487,2.0
-1.80164478168,3.42480656794,1.0
0.626957674039,2.4861010155,1.0
0.775895097729,4.7519113316,1.0
-1.86888185661,-5.43576402978,0.0
1.89765456633,3.43404825301,1.0
1.54152312674,-1.34524332073,2.0
2.21372346816,2.48438434796,1.0
-2.5957789885,-7.79351984625,0.0
-1.4698585851,-8.62376754565,0.0
2.02596992376,2.96871972043,1.0
-2.37784418321,-7.57551846538,0.0
0.329003586785,-1.5479954814,2.0
1.57101150873,-1.507880147,2.0
2.20726829129,2.89695187202,1.0
0.146991839913,-0.330854554624,2.0
-2.79405859333,-5.9444124198,0.0
-3.56699962223,-6.98636694286,0.0
-1.95065155077,-6.05813606408,0.0
0.374006756981,-0.802940182444,2.0
0.497116963865,-2.05445623333,2.0
-0.871161806223,-6.5924245579,0.0
1.69146095763,1.97498979376,1.0
2.50226301989,1.2159215965,1.0
1.29029357946,-1.39552064327,2.0
-3.09734746467,-6.83013635376,0.0
-1.90042685684,3.72842694776,1.0
0.651555662074,-1.39897405396,2.0
-0.868350110155,3.36549165739,1.0
-3.8963802398,-4.07830473733,0.0
2.34881238098,2.06432960991,1.0
0.0953839185952,2.26326085141,1.0
0.598625114055,-1.80973565216,2.0
-1.10696030901,4.34697284572,1.0
-0.322112462309,-1.91414342542,2.0
0.552379146397,-1.07154659923,2.0
-0.271187542522,-2.56217742962,2.0
2.14408210956,-2.36827221911,2.0
-1.87888117709,-7.63862405475,0.0
-1.24159036151,-5.37660994549,0.0
-1.92650839304,-5.8045849288,0.0
-0.122640455804,-1.75537797263,2.0
-3.74586847172,-6.92477648624,0.0
-3.65475621774,-7.08664945412,0.0
1.3271541532,4.17623962452,1.0
1.48798047189,-1.81654960633,2.0
0.755673848679,3.16519379629,1.0
-0.888715028561,-5.81925518438,0.0
2.20735314247,3.22826757714,1.0
-0.263831838646,3.50960387213,1.0
-0.193644913108,-2.1026543516,2.0
-2.30035952788,-6.94234771606,0.0
1.82332466758,3.58932659394,1.0
0.997001792009,-1.47135807079,2.0
2.93891105266,2.71599822657,1.0
1.73155718918,-2.91066102795,2.0
-2.27563852603,-6.73518933267,0.0
0.475681050249,-0.771213853084,2.0
-2.74111560453,-5.93620019284,0.0
-3.79530674722,-5.4314474765,0.0
0.616078634628,-3.04316994537,2.0
-0.386567104804,2.56534901111,1.0
-3.83872427535,-6.62006090411,0.0
0.193142156946,-2.46908962444,2.0
2.11907840413,1.44544371232,1.0
0.544538796861,-2.45835434521,2.0
0.911288143663,2.66146430379,1.0
0.201992178406,2.12743724516,1.0
-1.4959315944,-7.10818450096,0.0
1.48103939787,3.76996913876,1.0
0.632025888183,-1.65838559752,2.0
-1.08168005208,5.07010335254,1.0
-1.82519629756,-6.94564043449,0.0
-3.03094122184,-6.93213737627,0.0
0.175405663771,1.51040940154,1.0
-0.802311005859,-1.35773392454,2.0
-1.61451258764,-7.03408771201,0.0
-0.208399139262,-1.32428234332,2.0
-2.01559047084,-5.11711109343,0.0
0.0791728845964,-1.9146125491,2.0
0.500278532283,2.74530726338,1.0
-2.6070629837,-8.92037290034,0.0
0.0360107917654,4.64022874652,1.0
0.0275477674974,-3.33031122211,2.0
-0.478886017761,-2.35755901043,2.0
-1.09835563306,-6.75753173469,0.0
-3.04666403581,-6.36773376038,0.0
1.39243989512,-0.190698126993,2.0
0.511287197023,4.87806565195,1.0
1.68595459986,-1.47734277491,2.0
0.76444394966,2.61040602206,1.0
2.43011095009,-2.14730721775,2.0
-4.28688488514,-6.99773311158,0.0
0.690637634915,-2.01725688661,2.0
0.0237945267127,-1.65353806546,2.0
-0.816288278347,0.255449513334,1.0
1.13248238374,2.04144105826,1.0
1.03866026681,2.73412120588,1.0
0.7889760698,-1.0669195107,2.0
-4.5760660494,-6.02936623768,0.0
0.848261889561,-3.28998532652,2.0
1.63655029063,4.18475633618,1.0
2.69393793686,-1.62015198311,2.0
-2.35561203716,-6.15434888139,0.0
-0.267830478849,-0.534509267712,2.0
-4.10400463854,-7.3167691684,0.0
1.76992428812,-0.499827559964,2.0
0.996633897807,-1.56162022911,2.0
-0.436104738475,-0.735617545148,2.0
1.39858643437,3.2625257805,1.0
-1.74528804395,-6.4752714035,0.0
-1.12649458476,2.39255980855,1.0
1.74145690469,4.33273057006,1.0
-4.58618559884,-6.94149543751,0.0
0.542450238686,-2.87404327648,2.0
1.65626176203,-1.85415596614,2.0
-2.19116394611,-7.43541422214,0.0
-0.337122694944,0.619093144003,1.0
1.15088201598,-0.429932158766,2.0
0.457979613509,-2.25760811783,2.0
1.99942013675,-2.92235020643,2.0
1.60751869555,-2.51297703232,2.0
-3.57765885368,-5.69525121809,0.0
-3.37372055355,-5.89540357133,0.0
1.14801013837,4.36854025209,1.0
-0.231883024035,-1.93847007376,2.0
0.41340455444,-0.554956397183,2.0
-2.20164081419,-6.66640111368,0.0
-1.96136758948,-6.11908443521,0.0
-2.20545251272,-8.28464748136,0.0
-2.0737649074,-7.17331057267,0.0
-1.24368552515,-6.94919834614,0.0
-1.18545547558,-6.3805895579,0.0
-1.13497495545,-6.98146334833,0.0
0.608723744761,-2.68267080438,2.0
-1.16358319744,-6.80140169532,0.0
-1.81628896897,-6.98635217882,0.0
1.85134813538,4.43679251677,1.0
-2.65266456074,-8.49302084254,0.0
0.943907331123,2.08891018409,1.0
-0.948967195373,-9.03892003363,0.0
0.722036899922,2.39347006322,1.0
0.893163030699,2.58900315889,1.0
-4.33852649505,-6.64367204133,0.0
-1.74259622499,-4.61540109252,0.0
-1.53415978191,4.34534048308,1.0
-1.436419833,-5.73266836039,0.0
1.9697943217,-1.90034850452,2.0
2.1405882717,3.62274909074,1.0
-2.55005844387,-9.56595228302,0.0
1.96283465061,-1.12338439368,2.0
-3.43601942323,-5.15537722999,0.0
-1.91097951164,-7.02987900554,0.0
-3.11304413982,-6.09122191963,0.0
0.338436320542,-1.17351927004,2.0
0.31893247472,3.15505523288,1.0
1.73846060183,-2.53078028621,2.0
-1.58901006476,-8.5856184342,0.0
2.22340511206,4.05832960253,1.0
2.33486659146,2.32590781295,1.0
-1.13811251355,-2.41754966553,2.0
0.189851336061,0.619519546727,2.0
0.564546644572,-0.66707624062,2.0
-2.90715296105,-7.38505225219,0.0
3.34243214694,-1.59061733452,2.0
-1.11403186839,-2.91109524616,2.0
-2.26973963864,-8.22346856303,0.0
1.19531603865,-4.18454884069,2.0
-0.350617086545,3.60225956347,1.0
0.517149111145,-1.49726330132,2.0
-2.93695958207,-7.19076266145,0.0
-0.500421795922,3.91800638475,1.0
-3.2610583369,-8.30574130192,0.0
-3.70553951411,-8.27058894372,0.0
-0.185916431967,-0.493208683056,2.0
0.92599219092,3.19473830879,1.0
0.398955066318,-2.75331044275,2.0
0.191970489286,3.01106476417,1.0
-1.75710352042,-6.94396104834,0.0
-2.2482529967,-7.01441684515,0.0
1.66536176682,2.49837316544,1.0
-1.35494524489,-7.57397457475,0.0
2.30189814618,-2.54261014809,2.0
1.12545102081,-2.04022063647,2.0
-3.41191534429,-7.28446029871,0.0
1.16708826438,-3.50246830822,2.0
-1.49941243918,-7.16406576537,0.0
1.52649068366,2.50920913429,1.0
-0.587681677685,3.36162779914,1.0
-1.3096984182,-6.5116335177,0.0
-1.01571751705,3.06026391243,1.0
0.181454202961,3.53630098911,1.0
1.66085482457,3.23192722656,1.0
0.932865656864,3.65824945947,1.0
-2.42388770985,-6.54414322653,0.0
-0.620553541441,2.63625481078,1.0
1.00172305659,5.33036886536,1.0
-4.91464301465,-6.84790605754,0.0
-1.57009657584,-6.92526541704,0.0
0.464865045621,-1.64480990737,2.0
-2.11295684292,-6.84728714483,0.0
0.832830463249,-2.49766154594,2.0
1.33244963651,-0.552406158643,2.0
-3.37919475431,-7.26665154429,0.0
-1.9431074872,-6.81693610004,0.0
1.46316172394,2.17733385893,1.0
-1.44845172016,-1.84781188528,2.0
1.1963924082,-1.23327079639,2.0
-2.41072878411,-6.8270254316,0.0
-2.70243658741,-9.43299198467,0.0
-0.0200349725116,4.10346149595,1.0
-0.36781305021,-0.358085740168,2.0
2.43570176213,-1.8968329765,2.0
-1.48585641703,-7.45824973592,0.0
1.67221707921,-1.06136069114,2.0
-3.18362060014,-6.65772542161,0.0
0.688430574141,-2.48163564754,2.0
-3.38705319056,-7.69984609808,0.0
-3.21712564274,-7.12205484717,0.0
-2.45459265072,-4.74786357675,0.0
-1.8356582945,-8.29817506273,0.0
-2.92235894239,-6.71007521908,0.0
1.31668058888,-1.83375508725,2.0
0.624484220154,4.67077388207,1.0
-2.59293016822,-5.33560347709,0.0
-1.06804223566,-6.2251929575,0.0
-1.05296716856,-8.99540682549,0.0
-0.421441098522,-2.94323211433,2.0
-0.546150716332,2.97162164463,1.0
1.40868138494,-2.68671588767,2.0
-2.67297981049,-8.10839630519,0.0
1.88436289088,-2.45864357315,2.0
0.426326812018,-3.59712572291,2.0
-0.906912048229,3.87280489357,1.0
0.881902034704,-3.06388985097,2.0
-3.73113672358,-6.49582691444,0.0
0.351329177408,-2.98157131252,2.0
2.76493190165,3.43126919241,1.0
2.49902528632,-1.59436002603,2.0
-3.57615694316,-8.22263359699,0.0
-2.5369713557,-6.8392567312,0.0
-2.01990690551,-6.61150207464,0.0
3.20831947212,-2.81505548348,2.0
1.08301235089,-0.711472197403,2.0
-0.683915261767,3.55679537168,1.0
0.371204756169,-1.97220963902,2.0
-1.91236787741,-6.02512645104,0.0
0.467721660712,2.86335201313,1.0
2.17460743736,3.16513908506,1.0
1.0331380859,-2.29135860869,2.0
-4.15977303427,-6.27672921121,0.0
1.63947028032,-4.50775067284,2.0
-2.80003968844,-7.2631772925,0.0
0.765696359085,3.52727088084,1.0
1.09961784516,-0.672500111667,2.0
0.700838929318,2.71108284725,1.0
-1.7366963855,-7.41621222707,0.0
1.65536886675,-0.957979113362,2.0
2.36378641507,2.76378312621,1.0
-3.45147247877,-7.54829458983,0.0
1.11263803977,-0.722895046172,2.0
-3.44988226956,-8.22354349734,0.0
-0.149125848074,2.4708712393,1.0
0.739370083785,3.74307006232,1.0
0.129195526205,-0.563026301901,2.0
-3.35656089031,-7.45266604528,0.0
1.46965795886,-1.2853933067,2.0
0.890995934676,2.82685618231,1.0
-2.14586331945,-4.40823404854,0.0
1.54225853418,-1.07677359084,2.0
0.875767636518,-2.14090051211,2.0
0.280261535139,-0.806546077121,2.0
-0.126624247389,-0.542322591731,2.0
2.26823799043,-2.33262042433,2.0
-2.30138693101,-5.91687567129,0.0
0.700789552369,-2.52294268346,2.0
-2.49645016961,-8.23792578713,0.0
0.579603329519,1.72287940891,1.0
0.638648788835,1.01816709493,1.0
0.15136390663,-2.24884103336,2.0
1.75108833715,-1.45298219145,2.0
1.46425981871,4.14213556497,1.0
-2.01250613015,-5.1556598443,0.0
1.56350424598,-1.05994032585,2.0
-0.304449886082,-1.36550907805,2.0
0.1639890216,-1.71034940289,2.0
-2.8612681055,-6.53034796861,0.0
-3.33995565445,-5.91085648127,0.0
1.49870399064,-2.05540778996,2.0
-1.74118924247,-5.84956793411,0.0
-3.42227012063,-6.31803040337,0.0
-3.74654751308,-7.08970578037,0.0
0.684939343781,-1.41109038215,2.0
1.28873143058,4.97781152508,1.0
-0.299331238742,2.08562810182,1.0
2.4778585317,3.44585559405,1.0
1.19992732887,-0.937269278507,2.0
-0.212152856144,3.03555514934,1.0
0.399936616469,4.68496677441,1.0
-0.183646942619,-2.68907932129,2.0
3.27637446213,-3.8609514657,2.0
1.85713016735,-1.16452095791,2.0
-0.909345313488,-7.18528058067,0.0
0.53515096031,-1.87519702117,2.0
-2.54803094622,-6.00528924713,0.0
1.31193185849,-1.2632880399,2.0
-2.1145223249,-5.77425713592,0.0
-0.522366460572,-0.734148775644,2.0
-2.51611580174,-6.43197746241,0.0
-3.32301655561,-5.80684435263,0.0
-0.47955600924,4.09771890364,1.0
2.3256947931,-1.35664591766,2.0
-2.98498062312,-4.95123337471,0.0
-4.30697179676,-5.7046165424,0.0
2.24508192595,-1.78500940534,2.0
-1.04413688854,1.22809481858,1.0
-4.67952816812,-7.39205360661,0.0
0.584946991366,-0.588928709308,2.0
-0.923906890085,-0.800448060374,2.0
-0.346445255749,4.52071036397,1.0
0.137961793441,-0.212347695774,2.0
2.43310241643,-1.83520876744,2.0
0.462778897443,-2.64770233075,2.0
-0.339138273817,-7.5379781174,0.0
0.18787234901,-1.13727657677,2.0
1.41753598851,2.86410125302,1.0
-0.799430055247,-1.55163321053,2.0
-2.22386790065,-7.68173191908,0.0
1.07425834657,3.73985292313,1.0
1.46828226263,-1.90327559445,2.0
1.21121265591,2.41293186862,1.0
-1.05232751122,-6.76649025054,0.0
-3.14886431996,-7.32099862232,0.0
-1.52047693481,-6.33558409492,0.0
-2.37613934395,-7.15812768878,0.0
-3.1521022993,-7.54568165184,0.0
-2.49052518891,-6.85875557511,0.0
-2.81151757623,-7.38130239254,0.0
2.94553620377,-2.39631891395,2.0
0.979077382831,-0.874995094245,2.0
-3.374089614,-5.07300865915,0.0
1.35188458059,-0.883703741985,2.0
-3.13333859049,-5.38472786262,0.0
-2.49125680004,-5.70611896118,0.0
-1.4275564345,-2.62072146849,2.0
-1.44758398913,-6.09154938385,0.0
1.48465704455,-1.17344211493,2.0
-3.5996666781,-4.52088139741,0.0
-1.49437577072,-6.37340633489,0.0
0.155417426446,-2.13333590045,2.0
-1.02851780271,-6.28752823849,0.0
0.40209201934,-2.62162357674,2.0
-1.5420842046,-6.54183320548,0.0
0.863800973459,-1.07771871316,2.0
0.899478054894,-3.68777939035,2.0
0.734427434922,-0.428395140858,2.0
-0.64746698549,-0.818875089564,2.0
0.698935457197,2.68448568842,1.0
-2.3853571348,-7.36064359567,0.0
-2.46785236553,-5.26366192106,0.0
-0.46031863032,2.30612329364,1.0
2.22071176425,-1.54612231654,2.0
0.113510286981,2.53148291377,1.0
-3.64258134752,-6.41020741544,0.0
0.959737615263,-1.23979775341,2.0
-2.87326861646,-7.23348735067,0.0
0.941633263159,-2.59885845441,2.0
-2.24026964995,-5.92068291431,0.0
1.0270607986,3.03562434246,1.0
0.018509111323,3.43364053982,1.0
1.06994941567,3.90613882597,1.0
-1.45579995261,-4.83925737701,0.0
2.01304026209,2.42963229673,1.0
-0.324606252289,2.97619663704,1.0
2.87958171145,4.48526839438,1.0
0.821241328164,3.65657206258,1.0
2.1938685052,1.64905290584,1.0
1.73189543815,3.95811243339,1.0
0.375428596978,3.8043541915,1.0
0.0588434125501,3.6682808555,1.0
-0.0196091386441,2.94531880998,1.0
1.09503785127,-2.79175270783,2.0
1.50696553891,-2.35634852427,2.0
0.559742888847,-1.29383917519,2.0
0.7700719828,1.65142307774,1.0
-5.48166405178,-6.64932793663,0.0
0.15725897913,-2.69945568584,2.0
0.80687829634,4.32575139749,1.0
1.13446780848,-0.984489401902,2.0
0.619316956641,-1.63441119794,2.0
0.544457209639,5.75660400215,1.0
-3.52965430533,-6.03732551877,0.0
0.663960993953,-2.05660913217,2.0
-2.33868610573,-6.5555993214,0.0
-3.10092485439,-6.32277033075,0.0
-3.46818133482,-6.80555642699,0.0
-0.426153482431,3.88394211519,1.0
0.163297798793,-1.27505470307,2.0
2.11131363085,-1.58476356439,2.0
-3.69301143961,-6.5997233455,0.0
1.57503490259,-1.84774394838,2.0
-3.16724798029,-5.42207027784,0.0
-2.38294991511,-8.02010612599,0.0
-2.90148340433,-6.31490532523,0.0
-2.44216524284,-7.01936389205,0.0
1.46913272399,3.36183814973,1.0
0.0830720143087,3.54598675949,1.0
1.06608831635,3.61485416097,1.0
-0.888546477495,-0.872409964136,2.0
0.0492028751731,-1.55204781289,2.0
-2.47620874463,-6.40237001721,0.0
0.807262491393,3.77981299056,1.0
-1.77699845938,-7.66787926233,0.0
0.629251754773,3.45292135009,1.0
-0.242166491255,3.39978473852,1.0
-0.260762409624,2.11937294103,1.0
-4.77222858403,-7.35077662902,0.0
1.19417002062,-0.536005273473,2.0
2.62566759347,-3.42707660486,2.0
-2.21263460171,-6.11141540198,0.0
0.867401011815,-1.126373994,2.0
0.0296085222886,-1.18306055131,2.0
0.833285605194,3.13672439923,1.0
-1.67553675453,3.82855878589,1.0
2.8571064768,-1.58644919723,2.0
-6.09495448913,-7.41255070935,0.0
-3.93370776242,-5.83633957467,0.0
0.633458531019,2.30304588677,1.0
-3.18947828236,-7.07518098072,0.0
-2.5864702576,-5.63130022127,0.0
1.79726770983,2.34657742788,1.0
-0.303931696136,2.58137794623,1.0
-0.397170006846,1.19433010811,1.0
-4.621014252,-4.6410599443,0.0
0.570766716289,-1.96916960638,2.0
-1.93022184355,4.48059880495,1.0
0.278838303678,3.88818411812,1.0
0.523079586787,-1.3129769783,2.0
1.69023096309,-0.121462432593,2.0
1.60107796877,-2.23153109948,2.0
-4.23529047172,-6.58194641674,0.0
2.55646434275,-4.2283319521,2.0
2.00155325971,-3.40291698137,2.0
-1.79107049186,-4.36021238651,0.0
-0.381571899802,1.76415333052,1.0
0.317131545016,-2.71422145925,2.0
1.27158571678,3.69619106908,1.0
-2.15666781023,-7.93064555929,0.0
-2.68739002502,-7.9343310467,0.0
1.98723098949,-2.50368389913,2.0
0.46023345006,-0.09864446878,2.0
-0.766978552251,-5.88126472224,0.0
-0.106173675396,-4.05876810344,2.0
0.84945307079,-2.92339572989,2.0
2.77377097749,-0.822772868825,2.0
-3.08601992409,-5.52027915926,0.0
0.93742137222,2.56166384138,1.0
2.14643059787,-1.10836251365,2.0
2.56395616127,-1.81861696706,2.0
1.17446588316,-3.87718684223,2.0
1.63177543146,1.47525888721,1.0
-1.64308543138,-7.20288679846,0.0
0.22601747764,-2.02420563587,2.0
-3.10263293709,-6.4263871852,0.0
-0.186282464833,-2.60002602288,2.0
-2.82189830387,-6.92328509761,0.0
1.6860982979,-1.2634047816,2.0
0.950163260125,4.22598691389,1.0
1.3962078732,-2.26932126919,2.0
-0.947098625658,-2.66154876027,2.0
-3.01292242285,-5.82407950075,0.0
-1.46125419162,-7.76585036074,0.0
0.989817862135,-3.81209527408,2.0
0.993972073853,-2.00126425987,2.0
2.56386223409,0.596974748668,2.0
1.23575520752,3.67096017318,1.0
0.133172567503,1.63843699167,1.0
-2.73730323634,-7.53875909165,0.0
0.512350696875,-1.4743308097,2.0
-1.2823732271,-8.19885078754,0.0
-2.54347893402,-6.38314868258,0.0
1.09934158809,2.42935365519,1.0
1.34482677341,3.47376458802,1.0
-2.42620076255,-6.59418007996,0.0
-1.68080251738,-6.17526496673,0.0
0.891368592623,-4.15646887614,2.0
0.925832230715,-1.99440191825,2.0
2.14904943885,-3.91881215758,2.0
-3.61744232892,-6.1481929646,0.0
-2.50186473638,-5.85315241441,0.0
-2.84194355246,-6.11350413608,0.0
-0.421604782685,2.74511492596,1.0
1.1091448781,0.374737395874,2.0
1.46710730133,-0.837152099972,2.0
-1.28078695599,-2.76809651158,2.0
-4.23155920616,-6.05929876607,0.0
1.68829855215,-4.32929484857,2.0
-0.625462797066,3.35749987623,1.0
-3.49616119402,-7.59908516643,0.0
-1.44752054621,2.96209122242,1.0
-3.95634523789,-7.15156031944,0.0
-0.441720480271,-0.473418253008,2.0
0.833072510456,3.36650816174,1.0
1.2519820652,2.99881826661,1.0
1.04060942561,-0.984753811721,2.0
-2.31351922959,-6.57917688733,0.0
0.00798863242199,-1.44008204394,2.0
0.644074894998,1.9949797539,1.0
0.797443999528,3.03549241058,1.0
-1.18834728808,-6.96767070359,0.0
0.777182838734,-1.92097993047,2.0
0.50309657876,-1.47863826711,2.0
2.24096791589,-0.0746683571218,2.0
1.21493806232,4.16776572731,1.0
-2.05086061349,-4.9684578659,0.0
-4.28187880801,-6.21852653005,0.0
-2.23920811359,-7.31034991249,0.0
-1.51155262309,-1.54741081561,2.0
2.35670984092,-2.03279925031,2.0
1.16764089291,-1.07165197799,2.0
-1.89199067508,-6.1090181667,0.0
0.676898127653,-4.01255905234,2.0
0.636012674563,-3.01005397334,2.0
-2.968903046,-6.69264115324,0.0
1.0387441748,-2.29281315323,2.0
1.8193764042,-3.52841078998,2.0
0.678465434335,-1.6105059549,2.0
1.93363944266,-1.03459187982,2.0
2.30413195722,3.48208378374,1.0
-3.53154362744,-6.84706578465,0.0
0.867092394796,-1.93533880536,2.0
0.0715886941102,4.48669653181,1.0
1.79284672157,0.299864730181,2.0
-0.580060637374,2.99215211239,1.0
1.02366018078,-1.32998354224,2.0
-3.85294376484,-6.8610037338,0.0
0.626239062366,2.26698746609,1.0
2.17819823409,1.97597236509,1.0
-3.86057640088,-5.92118861086,0.0
0.529713483128,-1.69127656334,2.0
-0.324967280014,2.82264258295,1.0
0.375200180746,0.782054544398,1.0
-4.29726818663,-5.87515389832,0.0
1.32850292527,2.78005592259,1.0
1.2403524308,-2.01883158424,2.0
0.680455442016,-1.06616825675,2.0
-2.39751342602,-7.46847304977,0.0
2.28334187577,-2.14563179433,2.0
-1.1342699925,-2.19522754889,2.0
0.781428861731,-2.1043586719,2.0
-2.371247208,-6.5222355711,0.0
1.09371075711,-3.91156931751,2.0
2.37774582648,3.18391296441,1.0
1.03589021051,3.05947449543,1.0
-2.27345453905,-6.18263151934,0.0
-0.93744613801,-7.47310438695,0.0
0.643211349682,-0.403095943237,2.0
0.412211637196,3.3108340593,1.0
-2.36199038806,-5.85527045083,0.0
0.923979713108,2.33026969353,1.0
0.338926491978,-1.94767239042,2.0
0.948342899172,-2.37510289508,2.0
-2.69589643551,-6.96814245628,0.0
-2.3651035725,-6.73376192046,0.0
0.763343955928,-2.50947678535,2.0
2.41469728881,-2.73589443766,2.0
0.585607126336,2.80788631071,1.0
0.632842500177,3.34991171816,1.0
1.14344912222,3.76520793676,1.0
2.92651644849,-1.84522145963,2.0
-1.21626255013,-5.71072936556,0.0
-3.99407179905,-4.69941341123,0.0
-2.01051985664,-6.20265056431,0.0
-2.87924132951,-6.48566021938,0.0
1.38692214377,3.54922565976,1.0
-0.806455782077,3.64735446616,1.0
-4.03696723638,-5.61536711591,0.0
-3.28701897703,-8.06417736701,0.0
-2.38849650475,-7.38318313373,0.0
1.08549540864,-2.85805335671,2.0
1.91870946547,-3.37867269502,2.0
-1.59666301631,1.67923838413,1.0
-1.7960558033,-1.03780544709,2.0
0.852523062323,-2.75763546581,2.0
0.253599743655,2.06306306079,1.0
-2.95111501092,-4.94158665558,0.0
1.59537386333,-2.67576671625,2.0
-0.0333610607395,-1.73978840416,2.0
1.16037663264,-2.57531876259,2.0
0.50449272004,2.99785225162,1.0
2.45371509878,3.60759171302,1.0
-0.551080928918,2.83671837706,1.0
-0.620225492334,1.99989104597,1.0
-2.67301347769,-6.98160076985,0.0
1.97905423576,2.73269082482,1.0
-0.919314914784,-7.3604081813,0.0
-2.1438745572,-5.73685735405,0.0
0.872060331159,-3.3682548885,2.0
-0.172133335958,3.2750389168,1.0
1.18486809214,3.78248710836,1.0
-3.70851450253,-6.33611827008,0.0
0.164603886626,2.71482700867,1.0
0.41446618419,4.0271348004,1.0
-4.35428752157,-6.96514473302,0.0
-1.6315441259,-4.09749415099,0.0
-1.71457925556,-6.37441764519,0.0
0.429888628791,3.21304745493,1.0
1.37166650208,2.40887439403,1.0
-0.509528370043,2.32123657293,1.0
1.56327725348,-1.93264698954,2.0
1.76686663834,-2.51885661007,2.0
0.911510281602,-2.33184583905,2.0
0.586888053554,2.95014748706,1.0
-3.09912925945,-5.82130516999,0.0
0.700312246433,-0.529455698182,2.0
-3.29464936018,-7.63893776934,0.0
0.254553094276,3.83896988131,1.0
0.249624391579,-1.62737459986,2.0
-3.16234614272,-6.72518038961,0.0
2.21239787258,-1.62038794356,2.0
2.79895491646,2.66891763466,1.0
-2.03357651962,-7.19984986574,0.0
1.68599371454,1.18348131794,1.0
2.68252311245,-3.36254521051,2.0
0.762176291662,-2.94818149679,2.0
-0.269691612113,-2.11464491078,2.0
-2.93433093955,-7.85205030324,0.0
0.0449250905455,-3.94977484565,2.0
-1.95644501283,-8.76863639899,0.0
1.53410252851,2.66077640176,1.0
-1.3408033406,3.62744992808,1.0
-1.98120986643,-8.54708210997,0.0
1.76094101921,-2.43049771307,2.0
0.260595399606,1.93597722373,1.0
0.921481143124,-0.81521245167,2.0
-1.78544258066,3.89843744589,1.0
-2.76094278656,-6.57554918804,0.0
-3.90869182419,-7.72914818027,0.0
-2.03944250154,-6.34333099119,0.0
0.0458645284615,4.74408765167,1.0
0.711759543763,-1.99392250637,2.0
-1.83994495501,-6.58001672837,0.0
0.563820387124,4.18278374126,1.0
2.5419707248,-1.30627108086,2.0
2.28891374554,-3.07857489533,2.0
-0.137388294251,4.24370449608,1.0
-2.43333777234,-6.49915388537,0.0
-2.84779025805,-4.89825613044,0.0
2.32520675842,-1.48697378471,2.0
0.117135467644,3.15239379907,1.0
0.620110489087,2.51395354706,1.0
0.569094836524,-3.51740955542,2.0
1.43647378058,-2.29979092114,2.0
0.54812933997,-0.301624742059,2.0
-3.27142132525,-6.62951489493,0.0
0.804240115351,-1.30914024172,2.0
-5.35385505427,-6.44965832038,0.0
-2.84403478386,-7.74468622597,0.0
-1.5574114694,-7.235003239,0.0
0.654440926936,1.76725229218,1.0
0.690144590699,-1.79796417962,2.0
1.81099938374,-2.26407316123,2.0
1.59704458012,2.79723296646,1.0
-0.278324202973,2.06171166518,1.0
-0.24666179103,2.92849032004,1.0
-2.64690522996,-4.72945185135,0.0
0.165397554094,-3.41790115309,2.0
0.121593730166,-1.36998987875,2.0
0.0517516873581,2.48642934894,1.0
-3.34644923025,-5.21881293613,0.0
0.343544803751,-1.63644119651,2.0
-3.35631771376,-6.63383299804,0.0
-2.31436625129,-6.986851642,0.0
3.09961477124,-1.37166227899,2.0
-0.810248525893,3.06287564555,1.0
-2.34629300075,-8.30886023492,0.0
1.66130246764,2.12700715583,1.0
0.392811391452,-0.259634733185,2.0
0.44080976603,3.78957474788,1.0
-1.68964442421,-6.53606817306,0.0
0.592438333148,3.31320490882,1.0
-0.060919274685,-1.86010946773,2.0
0.447849938648,2.02438360439,1.0
-1.80066074062,-6.33448169916,0.0
-3.70187128501,-5.98140287194,0.0
-3.17154336017,-5.98497523918,0.0
-1.79247700035,-7.04156433749,0.0
-2.26745031282,-9.3310157057,0.0
0.129218057804,3.27453629879,1.0
-3.24458823238,-7.94053602639,0.0
-0.984962000737,-7.11894294805,0.0
-2.41760619933,-6.13082161451,0.0
-0.875775360501,1.85352108178,1.0
-0.461186300167,2.90227639156,1.0
0.467197138692,-1.29881884151,2.0
2.07858119284,-3.242842423,2.0
-3.14092601426,-5.91192990151,0.0
0.106738801308,-3.8110976792,2.0
1.12194949002,4.87853464005,1.0
1.89100013863,3.97814460491,1.0
-2.10506518078,-7.45344396992,0.0
-0.325322778344,-1.88216842784,2.0
0.254669524629,4.45772390732,1.0
-0.50742351983,-2.91226032567,2.0
2.66104188105,-2.79434536054,2.0
2.59336070882,-2.36628470201,2.0
-2.76905009774,-7.10605626579,0.0
0.758773285623,-1.71016169593,2.0
0.657357381454,-1.97124831125,2.0
-2.9670861778,-7.50062426242,0.0
1.16228620478,-1.72400589223,2.0
0.116467597922,-1.88965678572,2.0
-4.38476223578,-6.23442070641,0.0
0.634547376346,2.53539074246,1.0
2.50108755634,-0.519607811497,2.0
-2.0923714014,-7.36675213369,0.0
1.5575921369,-0.623994064886,2.0
0.49426072643,1.84665397488,1.0
0.404225962861,-1.22100829347,2.0
1.08048546061,-2.9278568552,2.0
-0.301360506312,3.16218182902,1.0
-3.16914497359,-8.37541026484,0.0
2.01914635138,-3.10262835563,2.0
-0.818942236136,2.17953257585,1.0
-2.88009256097,-7.75539193382,0.0
0.433678036608,-1.83670932684,2.0
1.35626050575,-0.808412614718,2.0
0.660100878483,3.25118878734,1.0
-1.14304907392,-5.28551686995,0.0
0.595039413326,-0.908633515028,2.0
0.942587670893,-1.05894914018,2.0
1.56624099027,1.39565271738,1.0
0.284820694069,2.44002226228,1.0
2.21058659198,-2.16190875292,2.0
-0.647963837319,0.910394584967,2.0
1.83741894504,-2.44139685932,2.0
2.04181651877,2.98649709031,1.0
1.81219327143,-2.09340303149,2.0
1.75871154725,-0.831992413939,2.0
2.9139942522,-0.850552253211,2.0
-3.92552995542,-6.64254798462,0.0
-4.47314975409,-6.59441858663,0.0
-2.04880281589,-5.26402131768,0.0
2.93852543085,-2.85825460932,2.0
0.152517462476,3.03056208349,1.0
-3.22250116393,-8.35657444269,0.0
1.04844924277,3.52350737548,1.0
0.176760560805,-2.6927587849,2.0
-4.05175353102,-5.83460892666,0.0
0.978283376996,-2.24183412461,2.0
-0.0355850695332,1.11799169601,1.0
0.304309493421,-0.79356038745,2.0
-1.93310642544,-5.95979418291,0.0
-1.9300570986,2.46320386545,1.0
-2.28155927222,-6.80477847511,0.0
-0.524109256788,2.46058751561,1.0
-2.76651177596,-8.05016868369,0.0
-0.768327862943,2.44318261378,1.0
2.77138176813,3.27209502619,1.0
1.44092895709,-3.4474185106,2.0
0.883892961652,-1.02976409353,2.0
1.71152014745,-2.61159387798,2.0
1.34816410925,-1.84382795042,2.0
-2.02641052443,-4.97799292229,0.0
-0.109468215583,4.14179518398,1.0
-3.5950059093,-8.47977364166,0.0
-2.97737706443,-5.0093916192,0.0
1.58151696795,2.66455743178,1.0
-2.15263962,-6.64132726561,0.0
-2.34075641912,-8.289584035,0.0
-2.89601234855,-5.92637968281,0.0
-3.42880690682,-5.61835713581,0.0
-0.0683715040347,2.49517405133,1.0
1.79102625633,-1.60696537131,2.0
0.538111312735,-1.22288678021,2.0
1.06291940818,-1.63257099848,2.0
-2.6281561712,-7.15278676417,0.0
1.45754352366,-2.92915912428,2.0
-0.73359274611,3.80737433093,1.0
1.60176206827,2.86662403214,1.0
-2.18128630419,-8.40038930632,0.0
2.28481565053,4.79708776872,1.0
1.67196942116,-3.42918199226,2.0
0.373101070132,-1.38350901554,2.0
0.510778483908,4.04281339518,1.0
-0.406991174828,-2.72512595563,2.0
1.33546078438,2.22278833607,1.0
0.511752957048,3.46409798146,1.0
-1.6836675344,-7.51691403744,0.0
0.591421676954,2.2675041198,1.0
-1.64195598367,-8.34058017418,0.0
0.654659604758,3.02639130042,1.0
1.67630786704,-0.225621511336,2.0
-1.71557364957,1.63755178844,1.0
1.57641177022,-1.48600235567,2.0
1.0783719356,3.51004665615,1.0
0.53006611721,-0.48713695226,2.0
1.4824345948,-3.4126982549,2.0
2.37877311628,-0.65930533219,2.0
0.823139404861,-0.402583821051,2.0
-2.24924043938,-5.67066206885,0.0
-0.0298883403371,1.96025168199,1.0
0.618669201496,0.753029918842,1.0
-0.692260350053,4.57533661531,1.0
-1.99583484431,-7.34627785874,0.0
-4.28213253782,-7.11468714021,0.0
-3.68943929131,-6.44570173444,0.0
1.5912098657,2.80220603611,1.0
-4.09676883116,-6.36278344952,0.0
1.66777987191,0.718153646679,2.0
0.320607023332,1.70494929754,1.0
-1.81914429069,-7.32010449659,0.0
-2.13024924488,-7.44788277781,0.0
-0.824156278617,-6.54619266387,0.0
-0.32300483719,4.24583503433,1.0
1.68361838735,-1.81242870209,2.0
-3.0980353333,-6.93125835946,0.0
1.32365707232,4.44072648445,1.0
0.857868140073,3.67264943212,1.0
1.96531620531,3.16390664973,1.0
-3.5950638335,-5.47496759537,0.0
0.232970706797,-2.35705242986,2.0
-2.00568157816,-7.44783511055,0.0
-3.03537074589,-5.93840072242,0.0
-1.19675439698,2.58173484852,1.0
1.45202303674,4.49574999086,1.0
1.63814303457,2.14155700128,1.0
0.125138337614,-2.10417971489,2.0
1.82126098178,4.96737938374,1.0
2.7654368587,1.74441378953,1.0
-2.66373140332,-6.56564520765,0.0
0.444447640871,-2.96126255813,2.0
-0.402695090606,2.41635039863,1.0
-1.44699909867,-6.7868054572,0.0
0.14899279076,-1.16798489844,2.0
1.60422430653,4.230963333,1.0
0.180433479307,3.98058162294,1.0
0.542251155208,3.66265864487,1.0
1.80871910752,-2.5181055441,2.0
-0.352012234372,-1.50437191346,2.0
1.48744764348,-2.54462079115,2.0
1.49089906859,3.13112270721,1.0
-1.92990844009,-6.42329877104,0.0
0.563807525658,3.47471353877,1.0
0.915706614235,-1.5370733334,2.0
0.305530058246,-2.72039064426,2.0
-0.297172915857,3.37815943679,1.0
0.156763628486,-3.48819323076,2.0
-2.92797189995,-6.72289916521,0.0
3.06741214333,2.71677557571,1.0
1.46637730686,5.69565056448,1.0
2.07757255987,-1.61550941024,2.0
1.06272246198,-1.73266853855,2.0
-0.625250141256,-6.24491103032,0.0
1.03475293088,1.51808684274,1.0
2.61690685162,-1.35661513004,2.0
-2.61206913054,-4.60793532964,0.0
1.29605841544,1.3291475132,1.0
0.596871029434,3.18368501759,1.0
1.21176877209,-2.24115918034,2.0
-3.3559582629,-6.27290316589,0.0
1.3605491264,1.83503843712,1.0
2.03958152391,2.77642095371,1.0
2.56397331543,-3.33267045972,2.0
1.30239156916,-2.15007431869,2.0
2.75484769175,-0.615254723699,2.0
0.362636131894,-3.26388177509,2.0
2.25683822399,-1.50105943858,2.0
-2.88283786667,-8.90315140279,0.0
-0.368824459186,2.00653000988,1.0
0.260129304318,-2.14168643106,2.0
-4.63329187024,-7.53115152517,0.0
0.980801226549,2.89155928293,1.0
0.403792569707,2.54957056732,1.0
-0.0481152637604,-1.00298434186,2.0
1.39326046187,-2.77533085143,2.0
2.95189315006,-2.23666820533,2.0
1.73768963927,-1.17648404959,2.0
2.10299702573,-2.91048696658,2.0
0.573588391837,4.90304684491,1.0
1.57873859942,3.47672822078,1.0
1.28671982656,-1.56815505598,2.0
-3.19363578172,-6.86595710572,0.0
1.46285160831,2.1401831162,1.0
-2.60000060171,-7.66986379586,0.0
-2.45463436378,-6.77063934698,0.0
-2.23280067022,-7.14569824215,0.0
-3.53479120769,-7.10616277883,0.0
-2.84785666824,-7.85666144305,0.0
0.319311436805,3.04073847735,1.0
2.37695631243,-1.95468257702,2.0
1.82972980966,-0.568428948711,2.0
0.77853260297,4.21836928948,1.0
-2.55836109719,-5.79066240138,0.0
1.36393257075,2.35359195777,1.0
-3.66678423754,-7.28260118317,0.0
2.18686578613,2.83266803987,1.0
-0.672324332876,-0.751001513935,2.0
0.95579740882,-2.07702998968,2.0
-0.273229181577,-6.49942640487,0.0
-3.75420936911,-6.47578992276,0.0
1.40083785683,-1.13566558168,2.0
1.99352472808,3.8560715765,1.0
0.761307741053,-1.35078958,2.0
-2.29526661783,-6.46837478383,0.0
0.713421423725,-3.08155174368,2.0
0.196322004553,2.37070565146,1.0
2.07120589762,-3.6932965887,2.0
-4.62037846922,-7.54191399403,0.0
-4.73362886147,-5.54090459798,0.0
1.15208150537,-1.8563314151,2.0
-1.00303372553,2.57139462158,1.0
-3.20163974881,-6.0190670256,0.0
0.481499805974,-2.36877928017,2.0
-1.49591539667,2.25791549072,1.0
-2.20754630997,-5.53233541835,0.0
-1.64848876518,-8.35905844823,0.0
-0.3684738268,-1.0535762068,2.0
-1.36198947378,-7.12011153986,0.0
1.44968140142,-1.4687106604,2.0
-0.403752386343,3.64819953222,1.0
1.72744810479,2.46358311445,1.0
-0.422170713754,3.84210720579,1.0
-4.53133171411,-6.10325922321,0.0
-2.71654793941,-6.67224061163,0.0
1.55669961404,-1.85466699179,2.0
-2.82088435115,-5.20758501228,0.0
0.640993136331,3.40919705951,1.0
0.477352993981,-1.76271192358,2.0
-4.56163662624,-7.90169087536,0.0
1.40484111591,0.119067936428,2.0
-3.10105966127,-8.86759926645,0.0
-3.09905447169,-6.2766826126,0.0
-3.43282581404,-6.82918808815,0.0
-1.74602569751,-4.6552833847,0.0
-4.50035868456,-5.43183779465,0.0
0.538971013727,3.59370029031,1.0
-3.97975189572,-6.57187348985,0.0
1.06438692869,-2.56872753134,2.0
0.78074978818,-2.08732972087,2.0
-3.44222439181,-5.92074730979,0.0
1.77509484464,-1.37292216581,2.0
-1.08347758638,-5.94915222521,0.0
-3.35006799989,-6.67777785591,0.0
0.79429029726,3.1699964512,1.0
1.01586942395,3.27278955926,1.0
2.47332192565,4.30963407601,1.0
1.70510905569,-1.91519256244,2.0
1.59452526627,-2.18667015782,2.0
2.05143107212,-2.4666019201,2.0
-1.33694280173,-8.03264116019,0.0
-0.702004956335,2.71787924057,1.0
0.170477349518,2.95842993477,1.0
0.0189157856542,1.49616647756,1.0
-1.25847140383,-6.78231124473,0.0
1.05941836311,-1.94005807447,2.0
-0.751719944336,5.43940942492,1.0
2.45378867169,-1.06857896958,2.0
-0.392159849007,2.60479570384,1.0
-0.389570415565,2.96276087056,1.0
1.97462463283,-0.972959949413,2.0
1.61000846529,1.61237774791,1.0
-2.67493219242,-6.330177954,0.0
-3.77501233789,-6.5591279889,0.0
2.78234013081,-0.569586880003,2.0
-0.30173693625,2.83077907257,1.0
0.777355611085,-1.36558726935,2.0
0.201508362549,2.17506190244,1.0
1.2208357396,-2.83928153905,2.0
1.2778023756,3.0994884009,1.0
-4.77504658416,-8.85371606541,0.0
1.30146562317,2.66714201903,1.0
0.840085968231,2.57400525844,1.0
0.324089400245,-0.922167803316,2.0
1.35200334217,3.15134375637,1.0
2.33950247283,3.8262210429,1.0
-0.669870621831,3.00515261426,1.0
1.53273946857,-2.14698846043,2.0
2.90430728089,-3.12527772889,2.0
-2.40878060767,-6.06326060579,0.0
0.580620500891,2.01632509799,1.0
0.49755353292,2.17238211699,1.0
1.45324520084,-0.806423115457,2.0
0.381562910321,-0.990024495151,2.0
0.826839519871,-1.25605984222,2.0
-0.438991595103,3.50655286671,1.0
0.255287701975,2.49834020262,1.0
-0.00517205496827,-0.959828720553,2.0
0.419143598817,2.8426453543,1.0
-3.4927108404,-7.579241897,0.0
1.11623757679,2.2842868185,1.0
0.658776057232,-2.95968847155,2.0
-2.02472247754,-5.5645648833,0.0
-0.578531207962,-7.25492104502,0.0
-0.125599277888,-1.02806911672,2.0
1.62240303015,2.96910680301,1.0
-3.6558153302,-5.64914631937,0.0
0.629270575898,3.17762580824,1.0
-0.0287511025498,-2.96700538883,2.0
-0.978524067097,4.18738619337,1.0
-2.56784490213,-8.37413464728,0.0
0.508288668422,-0.404231326789,2.0
2.24257508513,-1.94059738227,2.0
-0.778200027822,4.72813888574,1.0
-3.07589140144,-6.90212816474,0.0
2.35929291602,-2.28828342482,2.0
1.68158297398,-0.934471554997,2.0
-2.42503830489,-5.95874497725,0.0
0.324238622808,-0.556655213272,2.0
-0.145753052156,3.2020679054,1.0
-0.18907088889,-1.05223910787,2.0
0.341567074594,-1.62844530959,2.0
2.27011513102,-2.51274714928,2.0
-1.43509452496,-6.57197515532,0.0
1.01597168924,3.47747106225,1.0
-0.782992772478,-7.44579953273,0.0
-0.356336361035,2.13001052898,1.0
0.438280035545,3.75718253579,1.0
1.59014773258,1.50601290303,1.0
-0.0771591969175,-2.64188384089,2.0
0.746814939129,-1.514068494,2.0
1.90318237787,3.20165609335,1.0
0.994666963224,-2.72878288391,2.0
0.490274349799,-1.34142497893,2.0
-0.16357570656,2.62910888178,1.0
0.851963990469,0.50506932713,1.0
1.15873920184,1.04029269573,1.0
-2.14955226173,-5.68926000119,0.0
0.848817988385,2.44044833192,1.0
-3.66975196207,-7.69757945718,0.0
0.405776185821,2.38375523859,1.0
-1.55617969627,-5.74437959996,0.0
1.91511841077,-0.793840001598,2.0
-2.37766364562,-6.62832791768,0.0
1.61720313073,1.72402915635,1.0
0.874761089309,-1.15590935432,2.0
-1.95639999003,-8.35796331592,0.0
0.919421475262,-1.74227084143,2.0
-2.01196394181,-6.38932991331,0.0
-4.39965409885,-5.84946720393,0.0
-0.208144681445,3.44060337521,1.0
-0.889461176876,-7.16414648144,0.0
1.70905946735,3.76544569918,1.0
0.949574509632,2.46760531678,1.0
-2.94872016828,-6.39331448761,0.0
1.14316609409,-3.46214090573,2.0
-0.861474615362,-0.343689758696,2.0
-1.85689670243,-6.19893607987,0.0
1.53030672213,-2.41814680677,2.0
0.63445501218,-2.11745205239,2.0
3.17812021375,-3.54043982329,2.0
0.958444370498,-2.76016613339,2.0
0.304914638196,-3.1650950291,2.0
1.16876239411,-0.397520885274,2.0
2.39513638052,-1.89887068186,2.0
-3.35006601807,-6.69183825914,0.0
0.197428541077,3.21977136859,1.0
0.218435357182,3.55869693452,1.0
-0.589539058484,-2.07962911473,2.0
0.311190935767,2.89860340955,1.0
-3.06958185905,-5.29369743044,0.0
-0.188824256648,3.0469336272,1.0
-1.50551723154,-6.52290798383,0.0
-1.10642547065,-8.10768168183,0.0
1.27384334488,-1.48254266181,2.0
-2.95710982572,-7.16025661163,0.0
2.97325735227,-1.94033388116,2.0
-3.46171270197,-7.12074709698,0.0
0.121139193047,1.5164080594,1.0
0.918484003854,-1.44988735262,2.0
0.428557332144,3.37498445713,1.0
0.325187905826,-0.632767223723,2.0
-1.92919451159,-5.46556610037,0.0
2.88709887678,3.14841736477,1.0
-3.39048295246,-4.80363485516,0.0
2.15088047587,-0.278445205941,2.0
-2.89905735798,-6.55592386875,0.0
-1.94138947902,-6.98802206933,0.0
0.837180125126,2.27878083588,1.0
-1.17144113674,-6.43631548966,0.0
-2.59804976031,-6.95939419132,0.0
2.78367764527,-0.186891325436,2.0
0.00154540945494,2.62814230421,1.0
0.446996144741,2.70327493023,1.0
1.46568902838,-0.836905000662,2.0
-2.85588035732,-6.50948514628,0.0
2.66007717646,-2.8238606541,2.0
1.84170919998,-2.6563937909,2.0
0.813449668823,1.08410354126,1.0
0.36587678324,-1.9700718598,2.0
0.493240672541,2.36551595799,1.0
0.202630814116,3.3840704439,1.0
2.45766637596,-3.2993970121,2.0
1.33728999971,-3.03242473225,2.0
-4.47753430959,-6.09783481302,0.0
1.18197297244,-5.11477532311,2.0
-2.05444709191,-6.09896654103,0.0
1.07160460829,-1.90581934808,2.0
2.08034352229,2.53827776186,1.0
0.0162321667774,3.66925621732,1.0
-4.78449195225,-6.24679898907,0.0
-0.0268740981349,0.164854846147,2.0
-2.93832936081,-6.53077455669,0.0
1.39046909449,2.39439519817,1.0
-2.98203275401,-5.68219593469,0.0
0.908477988952,0.523086424056,1.0
1.01411871293,-2.53144539323,2.0
-3.69503225131,-6.63230282663,0.0
0.934417383991,-0.712756632737,2.0
0.334056799105,2.43163203252,1.0
-4.49005646022,-5.68722592894,0.0
0.0511438475701,-0.978448697377,2.0
0.467745501393,0.834515061109,1.0
-3.88555788821,-6.96848143419,0.0
0.853117446475,-1.11581958325,2.0
-0.29906331407,4.39059988494,1.0
-3.0073191884,-4.69969726982,0.0
-0.243768078322,-6.94852461292,0.0
-2.40922293428,-6.64381356364,0.0
-3.49061043824,-7.4724067114,0.0
2.20941868298,-1.5289916418,2.0
-1.30575466514,-6.34450732523,0.0
2.02452478558,-3.96038781658,2.0
-0.264012787425,-2.15078340986,2.0
0.0594483478887,3.91936330514,1.0
3.32436743645,-1.43851420569,2.0
-3.79684056337,-6.2385751136,0.0
-1.67918847848,1.98396209322,1.0
1.094401291,-2.64978168246,2.0
-0.680836821995,3.67342418967,1.0
-1.92061029681,-4.99900470655,0.0
-2.00685426268,-7.07550547503,0.0
2.88600289117,-1.56095043528,2.0
-3.29469168813,-6.38024737782,0.0
1.7324089869,-0.100345878848,2.0
-2.93058620639,-7.40080567368,0.0
0.71410695666,-2.79359110237,2.0
1.62380785313,3.13333239759,1.0
1.1621818924,3.97586936212,1.0
2.9192894292,-0.473990385541,2.0
-0.85496354897,2.85014170523,1.0
-2.1229003783,-5.61624163636,0.0
1.12999833752,2.35315935053,1.0
-2.12971630888,-6.14154786591,0.0
-1.37663864786,-5.85030569271,0.0
2.8331258613,1.65263903994,1.0
1.92416107058,3.46393449928,1.0
1.87535162234,1.87910183857,1.0
0.210772270121,2.54602900876,1.0
3.05219787103,2.3054569303,1.0
0.298703085102,1.86703947931,1.0
1.17381853044,-1.69003242609,2.0
1.01464646047,-2.33688566661,2.0
0.543244354783,1.89814061948,1.0
-0.481838336888,-2.71877374804,2.0
-1.99139947681,-7.2385816372,0.0
2.73924735076,-3.00394351756,2.0
-0.717153136091,3.74830163743,1.0
2.0809031259,-2.38372491203,2.0
1.56784944307,-2.40297640526,2.0
1.59151750518,-2.93635787883,2.0
-2.77513322679,-5.57730971081,0.0
1.05781430545,-3.05810689479,2.0
-0.210249922252,-4.86712268819,2.0
0.390509628014,-1.31345945726,2.0
-1.82847227181,-6.34948868663,0.0
-1.89890481518,-6.57709038714,0.0
0.77401941407,4.52508970657,1.0
-1.97345770019,-6.9333058016,0.0
-0.143889786906,1.82401833129,1.0
1.23786790729,-2.26193561617,2.0
0.429894163442,4.37503755621,1.0
-3.30003305321,-6.15626371328,0.0
1.72872847057,-2.88803819201,2.0
-3.69884914507,-6.00226753956,0.0
0.162672412885,4.17602251934,1.0
-3.15239127036,-7.54003521645,0.0
0.0917723484853,-3.11737152365,2.0
-3.84318492131,-5.53589330468,0.0
-2.30115724357,-7.25839353417,0.0
1.10455610876,2.34314331669,1.0
1.71954164034,2.52273844512,1.0
-3.27067297578,-7.04137898644,0.0
0.0202453285808,-1.45695122588,2.0
0.134715676307,3.9651720937,1.0
-4.58485104588,-6.29708482749,0.0
1.40308508189,-2.38772221197,2.0
-1.61954114768,-7.53091984459,0.0
0.243121349307,-1.78354174824,2.0
0.893956187429,-2.58365464925,2.0
1.88028486786,-1.28326280851,2.0
2.66301805338,3.08053761163,1.0
1.77714212692,-3.3856189713,2.0
-2.33925341908,-4.62298625171,0.0
1.12317794217,5.18334885913,1.0
-2.84956076115,-6.26978652654,0.0
-1.69327715456,-6.01936858412,0.0
0.906232142472,-2.31967831214,2.0
0.109858248217,3.12824015897,1.0
-4.06704739212,-5.96542688501,0.0
-0.888626391916,-2.04764858672,2.0
-4.00845694749,-6.89855937669,0.0
0.611671422571,1.89314933111,1.0
-3.47154500674,-7.82507856788,0.0
1.2330338157,0.46543486053,2.0
-1.28711164157,4.79805348142,1.0
2.60508610796,-2.44974720454,2.0
0.999381113387,1.82589128301,1.0
2.18263589679,-3.30549135447,2.0
-0.254618022072,2.4312136928,1.0
-0.302125756692,2.56585577964,1.0
0.98211457413,-1.60318921676,2.0
-0.424943721231,-2.55848235741,2.0
-2.56230407877,-4.67937941289,0.0
1.68407611741,-1.96410130271,2.0
-0.212047915083,1.80630557384,1.0
3.80435984291,-2.91789834039,2.0
0.959172410123,4.2779002548,1.0
1.91814757612,3.87727044821,1.0
1.31980791645,-0.79608287624,2.0
-0.894605555665,2.01848667342,1.0
-2.8086433133,-6.53275295543,0.0
1.68818618426,-3.20368478533,2.0
-0.405906203566,1.41443102589,1.0
2.46035430269,-2.94192582959,2.0
0.582780274959,-2.07326098369,2.0
2.07004199752,4.12703848638,1.0
-2.40491799134,-7.64862881536,0.0
0.12749947331,3.8470142046,1.0
-3.75557900105,-7.06438362532,0.0
-2.35045192015,-7.8244543335,0.0
1.60216856545,2.61000662294,1.0
2.45126460204,-2.46488158291,2.0
3.14160688295,-2.69412933859,2.0
1.4428974683,3.54276215316,1.0
1.94052511185,3.29488006053,1.0
-2.62227562174,-8.98284689608,0.0
1.39645368974,2.57846983714,1.0
1.53417294296,4.36713617438,1.0
0.275954881313,2.33635253336,1.0
-3.76348113778,-6.16425711866,0.0
-1.26011301158,-7.94158247008,0.0
0.68982136128,-5.02660694554,2.0
-2.29683477946,-6.41102528601,0.0
-3.50684966338,-5.13882041209,0.0
2.72158419048,-2.0374576091,2.0
1.50075305823,-1.95726857701,2.0
1.76575648645,-1.08330997819,2.0
-2.62851294797,-5.76965771654,0.0
1.92218528656,4.14815535955,1.0
2.20491280671,-2.53478591438,2.0
1.70453905947,-1.63129773572,2.0
0.749519526781,-1.96705740451,2.0
1.31201452779,-1.43323335671,2.0
0.506001963126,-2.84519789005,2.0
-0.931514714958,1.15972633975,1.0
0.972142483526,-2.60088930594,2.0
-1.80217973324,-7.29133463035,0.0
3.31429501949,3.39288513448,1.0
3.02295888989,-2.09670297541,2.0
0.974502641416,-1.67195494259,2.0
-3.32046765078,-7.6050424522,0.0
-2.54739547167,-6.43591228321,0.0
-1.51080163829,-6.21872883225,0.0
-1.06697093195,1.70713468633,1.0
0.786438589489,2.88922756167,1.0
-3.14660547255,-6.18060491645,0.0
-3.34083510199,-6.60987342284,0.0
-3.44169570883,-7.59913368508,0.0
1.37311316268,-3.00551743921,2.0
0.540328395943,2.87965721149,1.0
-3.12891758623,-7.04118459355,0.0
-3.11577352388,-6.71886314408,0.0
0.492622729001,2.67033205019,1.0
1.74153805865,1.93523176609,1.0
-2.55692478827,-7.58920478345,0.0
2.52760646063,-2.95370024333,2.0
-1.90931769592,-6.14624495876,0.0
0.608299293357,-2.93738712832,2.0
0.598206690078,-0.163821959434,2.0
1.37464559695,-1.62564282063,2.0
-1.66249238337,-6.79564140097,0.0
-0.338846233136,4.34460794407,1.0
1.05767925305,-3.00971525741,2.0
2.205251063,-2.88206806054,2.0
-4.42895687884,-7.00614082941,0.0
0.519728070351,1.6261835691,1.0
2.05917650753,3.55219679332,1.0
-2.29901633997,-6.32354985197,0.0
-1.3415163981,-7.42286291725,0.0
1.40040969425,3.56711561686,1.0
-1.11789132373,-1.34502216557,2.0
0.773409299537,2.86591503143,1.0
-4.43665789249,-7.52223066946,0.0
-2.58323382981,-5.05281123134,0.0
1.09115904176,2.01388677545,1.0
0.0365232692278,-0.377854375648,2.0
-1.79036070333,-5.14502907717,0.0
0.681751382578,3.02504248156,1.0
0.474818097306,-2.82237754896,2.0
0.706279721075,0.129011011035,2.0
-1.93996170809,-4.77490643849,0.0
-0.196944724397,-2.24269717412,2.0
-1.47096434007,-6.90043036463,0.0
-4.62724509383,-5.28624894847,0.0
0.359555240956,3.79787327071,1.0
-3.25284602601,-5.78555920163,0.0
-1.38986868242,-1.65388676223,2.0
1.71125611881,-2.61589679322,2.0
-1.16048152338,-7.23131563568,0.0
0.95417916586,2.85023798887,1.0
1.216494118,3.30888449778,1.0
3.59243717618,-2.24565710725,2.0
-0.70105081286,-0.421642187889,2.0
-3.93698494486,-8.13889085393,0.0
0.820283690953,3.84209811539,1.0
-3.24224968678,-7.09923070446,0.0
-4.1719677643,-4.88702421376,0.0
0.837449104425,-2.70785478845,2.0
-2.9929527428,-6.54661110847,0.0
-2.3539276816,-5.45630847394,0.0
0.820610812074,4.23689261614,1.0
0.718031449997,3.23519266145,1.0
2.10220380247,3.59585799718,1.0
0.81417365113,2.53001443438,1.0
1.29049182729,2.87166086073,1.0
0.851008700695,-1.60389605343,2.0
1.1436340925,3.35768507556,1.0
0.353712549478,5.11427102649,1.0
1.19963754983,2.2746355821,1.0
-3.15642466964,-5.9762635995,0.0
-3.78384771753,-6.11630099014,0.0
1.36169144657,-0.730055895953,2.0
-1.74187827444,-6.60799223237,0.0
-2.91329762302,-5.87123586908,0.0
-0.273628014065,-1.66459984367,2.0
-1.84362925232,-5.03314164859,0.0
0.0651771403927,-1.79253621058,2.0
-2.20173973327,-6.43421801624,0.0
0.24940550269,-3.17142735236,2.0
0.699519955256,-1.91621951655,2.0
0.0153250692191,2.99563522401,1.0
0.327997123544,2.28481805906,1.0
1.44964822088,-1.10401529894,2.0
-2.7394002269,-7.14539833837,0.0
1.34357093141,-1.5990268667,2.0
0.621877527448,-3.0152360709,2.0
-3.7741051732,-6.25553540862,0.0
-2.04331578821,-6.21869079148,0.0
-1.28353762019,-5.40480251582,0.0
2.49265407028,2.79102705191,1.0
-0.550349694152,4.43757173378,1.0
1.79806240272,0.498952570452,1.0
2.01057777769,-0.38043199523,2.0
3.26122204015,-1.69022212019,2.0
0.648015907077,-0.0885986053555,2.0
-3.16732636379,-7.2773018803,0.0
-3.41262897886,-5.09784768134,0.0
1.18465183265,-2.34145303869,2.0
2.55497282208,3.59325486795,1.0
0.807803219355,3.93130996108,1.0
-2.17002763516,-6.12463181945,0.0
-1.49928642358,-8.44518386352,0.0
0.935211591637,-1.04461031248,2.0
0.169200340933,-1.5039831901,2.0
1.17342991778,-1.93320471965,2.0
1.68025347373,-2.78070203992,2.0
1.10007508642,2.36681853467,1.0
-1.23502650175,-8.00983557672,0.0
-0.114795306205,1.94675234419,1.0
1.03438636626,-2.42779968891,2.0
-1.70640087861,-7.00001905511,0.0
0.0754313243333,2.41506646423,1.0
0.352847759384,-3.35146083089,2.0
1.06944880975,5.28571071616,1.0
0.569325199422,0.868760017199,1.0
0.501492846411,0.889162174413,2.0
2.65062650643,-3.61439068094,2.0
1.60828570764,2.29235409643,1.0
-0.824958589452,2.52012176035,1.0
0.0516009815892,4.16555812757,1.0
-0.907468871896,3.74326215064,1.0
0.656396661562,1.51972720424,1.0
-1.34042728808,3.43284684022,1.0
0.786091589159,0.668256641179,2.0
-0.249081561798,-1.81375554633,2.0
-0.393844114558,1.47647766287,1.0
-0.353258310531,2.59955692908,1.0
-4.70789720427,-4.75735119626,0.0
1.97298220424,-1.93834049637,2.0
-3.50064330128,-6.23946398781,0.0
0.425118126057,-2.81625564641,2.0
0.864142354635,3.47813631298,1.0
-2.41735236735,-6.16235727233,0.0
0.482707137185,-3.95858903326,2.0
-1.3690921181,1.58878375861,1.0
0.682503182534,-1.16975228183,2.0
-2.16780329046,-7.09677253063,0.0
-2.42616329045,-5.63144074411,0.0
1.17156395643,2.41761319669,1.0
-2.13946658455,-6.80764286791,0.0
0.809547371307,-0.629655171121,2.0
-3.8938495089,-6.93771368672,0.0
1.94299642478,-2.82309597702,2.0
-2.89615861841,-6.28388865343,0.0
0.04006826557,-1.04236380219,2.0
1.96061683826,-2.50519494614,2.0
1.58496752929,3.95459403952,1.0
-1.00790812127,2.06109144219,1.0
0.353264388044,2.96430491286,1.0
1.08063524478,-2.78670665395,2.0
0.630715211122,0.657148025845,2.0
-1.67383851203,-7.46745977149,0.0
2.45852927145,-0.754883529845,2.0
-2.20804313263,-7.01903594516,0.0
-2.69855239056,-5.47707101354,0.0
1.29221150301,3.56485866119,1.0
-0.163921762385,-2.85204885968,2.0
-0.591890014325,1.80133706113,1.0
1.1069146294,4.25156876926,1.0
-1.95373406009,-6.91406932228,0.0
1.25590075877,3.91653950581,1.0
2.54527821023,2.3744108172,1.0
1.08986186069,2.21731405122,1.0
-2.06583020708,-7.03249426781,0.0
-0.266993567815,-0.831438993419,2.0
1.08852970837,-2.57918269132,2.0
0.0663050451515,-1.30202515456,2.0
1.89703440037,-0.910321961652,2.0
1.58257499798,-1.98664357602,2.0
0.51417953428,-1.89193868017,2.0
-1.26797952826,-7.46673980996,0.0
-4.96874376302,-7.34913124352,0.0
0.968436219302,4.93205372283,1.0
-0.511344895727,3.25016390239,1.0
0.913564445835,-1.11088593644,2.0
1.54324655248,-1.60660569676,2.0
-3.34792656018,-6.49170869959,0.0
-0.263617331852,-2.66476282002,2.0
0.837633035306,3.35594470677,1.0
1.51204249224,-1.84303925231,2.0
1.25574392876,-1.79999872334,2.0
-2.02785505839,-6.10821067336,0.0
1.89712143959,3.38387127527,1.0
-0.38962260734,3.01406508208,1.0
-0.735066018627,2.93874889046,1.0
-0.40174454773,1.5157019222,1.0
-0.590736683705,-2.26544781989,2.0
-2.68247935052,-6.91024973569,0.0
0.235686054986,-2.76288912369,2.0
-4.04101623171,-6.22222746678,0.0
-1.67257156616,-0.301609310532,2.0
-1.81225367853,-6.13670638821,0.0
-4.2550484492,-8.34403226558,0.0
-0.171458233991,4.41586455522,1.0
0.497254349657,2.65150325931,1.0
1.63038638363,-1.80342736891,2.0
-3.56439855076,-6.7995002186,0.0
1.51925882073,2.81019951057,1.0
1.66189466823,-2.56401113859,2.0
0.983339858678,-2.04576464635,2.0
0.140194253636,-2.70320506769,2.0
-0.364618319193,-2.23025724518,2.0
0.105085698752,1.66179822445,1.0
1.26133617089,-1.7437457965,2.0
-2.88016245744,-7.20941125753,0.0
1.36466330616,2.58636025765,1.0
-2.49242098579,-6.67017170521,0.0
0.634080500572,-0.988584222541,2.0
-1.92386178959,-9.06597475049,0.0
0.316065636728,2.13695176803,1.0
-2.48570144969,-6.68967096855,0.0
0.569377113429,3.61524262658,1.0
0.575788157474,-2.30550096189,2.0
1.30380342759,-1.68987737464,2.0
-3.51899742342,-5.04672813516,0.0
-0.40492307472,2.57051805595,1.0
-2.20947254114,-7.7389254528,0.0
0.664738836788,1.29640895727,1.0
1.82741647971,3.39439520656,1.0
0.547048310503,-1.74269023968,2.0
1.22263264251,2.06549350192,1.0
-3.20000924333,-7.95895423724,0.0
-2.84998323934,-7.28061420624,0.0
-0.667752731392,0.972265074569,1.0
0.141262185531,2.98585797719,1.0
0.396051771608,3.37519434095,1.0
0.208945053778,4.62431559152,1.0
-4.3071086737,-6.27879870204,0.0
-0.0688263133461,-2.01787360968,2.0
0.600263503572,-1.30619524066,2.0
-3.70414176357,-8.47467188784,0.0
2.02495089784,4.36430250209,1.0
-0.673475583288,2.84084786795,1.0
2.56725941503,3.40748770584,1.0
-2.34672147483,-6.98399333059,0.0
-0.00282838367663,-1.63969153412,2.0
2.2512242478,-1.69322535348,2.0
0.554066146158,1.04674780312,1.0
0.649662243477,-4.5778282178,2.0
-4.17014606234,-6.69091317753,0.0
-0.403246889779,-2.39951103578,2.0
-0.270120948154,3.4271174351,1.0
1.86379925926,-0.716151616544,2.0
0.461350568916,0.785591734408,2.0
-2.06597683943,-6.66010885566,0.0
-2.89321302709,-5.58535211325,0.0
-0.377935533968,3.7475601747,1.0
-1.18187759367,-8.14059658228,0.0
0.492533717493,1.56874846837,1.0
-1.68725089543,-7.48662850452,0.0
3.22914622449,-2.34385818307,2.0
0.347059399423,-2.0767810967,2.0
-1.00461530398,-2.10556313773,2.0
1.13133234709,-2.50906616811,2.0
0.557040590883,-2.33259213002,2.0
2.43217997245,-0.496183604788,2.0
-3.49535452233,-5.88698395938,0.0
2.04775776376,-3.23645360131,2.0
-3.15150551913,-7.66703551041,0.0
0.828517866453,1.62353870368,1.0
-3.45496539231,-7.38959862227,0.0
0.359336748769,2.68101289894,1.0
2.31713841932,-1.20832876375,2.0
-2.3773200764,-5.58996147858,0.0
-3.4170348469,-5.48390040397,0.0
1.71059788827,3.67319816821,1.0
0.0739747914995,2.19476976973,1.0
2.22502243498,-2.84652055115,2.0
2.39350753115,1.43818988006,1.0
0.77587451607,4.47392489132,1.0
1.06328342197,3.32214035143,1.0
-3.24923620142,-7.83140941275,0.0
-1.58214178887,-5.41304718485,0.0
1.23647573778,2.84583452369,1.0
2.39448256686,-2.79623078318,2.0
0.498355493537,4.49480844648,1.0
-2.44985817505,-9.33227187869,0.0
1.67510826158,2.92968968822,1.0
0.176359339399,3.3323897494,1.0
0.973709157338,-1.19587278514,2.0
0.469462292044,4.95911267614,1.0
0.870423689479,3.76749925693,1.0
1.34450917658,-1.85029228358,2.0
1.55337862138,-2.31871842595,2.0
-2.68077113159,-6.763248662,0.0
0.683220858679,-2.27604710204,2.0
-1.18792273699,-2.22482663034,2.0
0.72678687967,-2.62054730857,2.0
1.32702915948,3.51577526233,1.0
0.731985865237,-2.527456839,2.0
-0.16784519533,3.49614612086,1.0
0.389675597618,-3.07035677913,2.0
0.674612916962,2.37533875851,1.0
-4.3912981623,-7.03432197002,0.0
0.0854659513342,0.0408580744417,2.0
0.0839299127378,3.78734552934,1.0
-0.464929982086,2.05967627403,1.0
-4.14920500956,-6.17126095917,0.0
-0.436235627176,1.51906554512,1.0
-2.16948110064,-6.24704878592,0.0
0.0228019623569,2.19314687334,1.0
0.762260055174,-3.34428197235,2.0
-2.00163881206,-6.7309822332,0.0
-1.94677618611,-7.79554841079,0.0
1.50566371371,-1.92192646052,2.0
1.09212462487,3.59693100282,1.0
1.53926816609,2.64698019326,1.0
-2.10571743274,-6.88587652395,0.0
0.15165990342,3.72624858699,1.0
1.58468010127,4.04693838563,1.0
-2.5421747445,-8.46188399835,0.0
-1.25958701965,-8.13945789592,0.0
1.25769694227,-2.03079910974,2.0
1.41931329099,3.5660805115,1.0
-1.01983504526,0.67603222605,1.0
1.72026640283,-1.59600782921,2.0
-2.32322383948,-6.83769353317,0.0
1.28757615603,-1.29070295525,2.0
1.40085272883,-0.880764520519,2.0
-0.273299349823,-7.67372743141,0.0
1.60871419998,-2.83342508076,2.0
3.21384946951,-3.32247651576,2.0
-0.0341801447101,3.45729623028,1.0
0.49488239623,-2.009977856,2.0
-0.696575347355,-0.97949329616,2.0
1.04959795345,3.33750698511,1.0
-2.80887369643,-7.13786415124,0.0
0.160413608256,-2.25696401625,2.0
-2.74023003815,-6.77322359608,0.0
0.310744889751,5.58677843021,1.0
-1.26047317594,-5.93198543652,0.0
-2.95108337391,-3.70553349047,0.0
-3.63104074573,-7.37677689902,0.0
0.826555352985,-0.939554929638,2.0
-1.06035049501,4.08616699543,1.0
-0.888700192057,2.84425572421,1.0
0.39692696296,-2.9592487751,2.0
-4.59921092205,-5.59491436272,0.0
1.80291941554,-2.67267241165,2.0
0.522196000387,2.71031152483,1.0
-0.312388650822,-2.46473552122,2.0
1.03855426857,-3.55566572883,2.0
-2.27280371768,-4.80995823258,0.0
-0.514496268375,5.85084209846,1.0
1.03520941751,-1.64739906638,2.0
3.12230780026,-1.57992435527,2.0
0.226767817916,3.10405024117,1.0
-0.601994614359,3.80657756386,1.0
2.18332955145,3.0985555672,1.0
-0.599457278526,-2.07046167341,2.0
-0.061828873578,1.25828470422,1.0
-0.284005096882,-0.806069962396,2.0
0.506848527873,3.01082317519,1.0
-2.54960896103,-6.23457336452,0.0
-2.73894539835,-5.97316374642,0.0
-3.59413474802,-7.05355789024,0.0
-2.39053088327,-6.49745682861,0.0
-3.59981147414,-5.96976840695,0.0
-3.22720874145,-7.07564866827,0.0
1.21369564527,-2.45372507283,2.0
-0.702187258476,3.75091399391,1.0
0.135626484299,1.6844256148,1.0
-1.03798727335,-2.16518796274,2.0
1.36005881297,0.757926182354,1.0
-2.66581636506,-5.21111664009,0.0
0.986294173106,-1.32709346121,2.0
-1.13466074258,-5.73698113358,0.0
-0.0366309694522,-1.72777452911,2.0
-0.105777055289,-1.90538905662,2.0
1.56201616405,-3.00400159385,2.0
-2.82068546743,-6.88319839028,0.0
-3.61592569584,-4.42041481133,0.0
1.38031465393,-0.132353830811,2.0
-4.04331263179,-7.04202641609,0.0
