1.85662772306,-1.68305540205,2.0
1.12378547971,4.81887439568,1.0
-0.0535691121403,2.73310297268,1.0
0.377221986353,-2.32212176827,2.0
1.71373117085,-1.08601149417,2.0
1.83133802058,1.19807506854,1.0
-2.15656297141,-6.47790088756,0.0
0.69295003099,1.89514054705,1.0
-2.08278126192,-0.772384584063,2.0
1.78266600919,-3.18844330449,2.0
-0.754842888841,3.04178574319,1.0
-1.71798205846,-5.50693384417,0.0
1.14370675772,-1.18275545003,2.0
1.67352873557,-0.746584344751,2.0
2.22651559975,-2.6645635662,2.0
1.04605248189,1.62062050649,1.0
2.22649688032,2.26466373726,1.0
-3.16960296278,-7.2046720202,0.0
-0.286327786367,-1.68854409946,2.0
1.1415108399,-1.46025235768,2.0
-0.169287421177,2.55715921641,1.0
-2.54195582221,-5.26443003091,0.0
1.48189885703,-1.91404184733,2.0
1.3538199821,-1.6816066482,2.0
-1.72933334842,-6.50791142136,0.0
-2.77682111984,-5.21584407549,0.0
0.448155141274,2.54150781497,1.0
-1.50458201584,0.231483921889,2.0
0.300353217567,-0.66116160045,2.0
-1.77334704755,-6.88093418902,0.0
-0.0771430883125,-5.90283953425,0.0
1.19167779126,-1.27707764459,2.0
-1.97266263795,-8.21753358141,0.0
-2.72260492146,-6.76358212215,0.0
0.82508174724,3.62082445548,1.0
1.50349866405,2.37605896962,1.0
1.1730697952,3.76788461759,1.0
-3.30704601655,-6.06838015965,0.0
1.7806907536,-2.7671091534,2.0
-1.96952511116,-6.50173524945,0.0
-1.79355244477,-5.27911416088,0.0
0.729612255731,3.36369004532,1.0
0.0626920253949,4.47965125284,1.0
0.754566674767,-2.21556480335,2.0
-0.666379067903,2.7302353829,1.0
2.11350032197,4.57973659732,1.0
-0.0970312226208,1.83015563356,1.0
-1.75159080911,-6.70918258506,0.0
-0.372894412492,-2.93393602049,2.0
-2.36787295688,-7.18826940239,0.0
0.147207918985,-2.85326001059,2.0
-1.14506558026,1.88352167008,1.0
-2.37360107318,-7.46196734549,0.0
-1.68309994538,-6.89739287102,0.0
-3.27126416604,-6.24946305224,0.0
1.10303699284,3.20476214006,1.0
1.21312937023,-0.520327635308,2.0
-3.69689624301,-5.56386229726,0.0
1.13925013999,1.49947152547,1.0
1.29525086205,-2.03878153341,2.0
0.0277887804433,4.49085776595,1.0
-1.86850443702,-8.42990671017,0.0
-2.24004128678,-6.64715666145,0.0
-0.191833831428,-1.15061361666,2.0
1.92704252292,-0.686421369461,2.0
1.31760960276,-0.876227222461,2.0
-0.064234583652,-1.57302463701,2.0
0.188484187418,1.49425447753,1.0
1.34638739608,0.588373778046,1.0
-2.26694177479,-6.51521749899,0.0
-2.78120613216,-7.54491346498,0.0
1.5715360024,-2.00587941385,2.0
-3.34610386339,-6.73435058249,0.0
0.973061383503,4.34004401326,1.0
-0.273819587963,-1.34499539185,2.0
-0.482177520736,3.55556145758,1.0
-1.58916282304,-6.48443386922,0.0
0.61191223279,-5.45829234028,0.0
-2.13305995109,-5.03184448641,0.0
2.53215392108,-2.58781607444,2.0
-2.52766244153,-7.96532832088,0.0
-0.51061187372,3.48307080311,1.0
1.05273820709,2.29428524816,1.0
0.453691011286,2.48695119272,1.0
1.39141820274,-2.02011424494,2.0
1.373058435,-1.36962937328,2.0
1.14615340691,3.36308681729,1.0
1.67800206275,-0.213360599145,2.0
1.14255293131,-4.68577020289,2.0
1.12923091072,-1.55134224696,2.0
-1.92455791237,-5.20841921211,0.0
2.45937324696,1.20641191607,1.0
-0.995339164059,-6.21326137188,0.0
1.46716489288,-2.01288289942,2.0
1.81850645947,-4.50409742818,2.0
0.995364828416,-3.1733979731,2.0
-2.65892166887,-5.51273227039,0.0
0.956442507653,2.3274172528,1.0
-2.27646969052,-6.61095852769,0.0
0.97961248176,3.09641919188,1.0
-1.02973022269,3.17578908897,1.0
-0.687677548781,-1.52232500427,2.0
1.9405904085,-3.86159151726,2.0
-4.4535554009,-5.40387586278,0.0
-1.23385787096,-7.03540149478,0.0
1.45665693839,-0.611754603303,2.0
-0.133680973741,-1.40978837152,2.0
0.550974164984,1.57153357255,1.0
2.22384072699,0.0222338781647,2.0
0.995130055186,2.90141893612,1.0
-3.24056916504,-8.3590405774,0.0
1.86872043786,-1.04073423341,2.0
0.467937770505,2.68173465391,1.0
-2.96470273065,-7.29457425289,0.0
-2.06174937498,-6.31251126135,0.0
1.29487232451,2.6822870544,1.0
-4.45138028926,-5.61857942051,0.0
-2.21710881413,-5.90501909379,0.0
-2.50066616693,-6.20996607663,0.0
-0.646204320514,2.13049834563,1.0
0.78941195887,-1.56561393942,2.0
-0.540887308107,2.17402952202,1.0
2.31479961906,-2.44949957202,2.0
1.4367752241,-2.0905201629,2.0
-0.135091984258,4.18034218605,1.0
-1.70794556499,-6.37952472707,0.0
1.13139455263,-2.12111255891,2.0
-2.83227450149,-7.18287444612,0.0
-3.42227339273,-8.61770810065,0.0
1.88205364327,-4.01164104337,2.0
0.507490598735,-0.728320801131,2.0
1.63664547834,3.40727091661,1.0
-4.48776497143,-7.95570316921,0.0
-0.775492529778,-6.01806644348,0.0
0.170578419096,-1.37618805056,2.0
1.37537738683,3.19632132424,1.0
0.848635421004,4.20960551987,1.0
-4.21308658551,-6.27315290824,0.0
-0.649926675844,4.01487763987,1.0
1.29718132867,-2.86430517912,2.0
1.90022469822,-1.37283826572,2.0
-2.23449964731,-6.92996216593,0.0
-3.18934128676,-6.23349724506,0.0
0.756410502624,-0.216675960941,2.0
-0.111768705321,3.41829589103,1.0
1.32135495596,3.72382585766,1.0
0.984382051433,1.50149066609,1.0
1.38338908725,-2.43225009083,2.0
0.140257427563,-3.51671039288,2.0
-4.09352042481,-6.68119352319,0.0
2.82479162554,2.51383519154,1.0
0.0767743850483,3.49084991626,1.0
0.862495016594,2.96148265887,1.0
-0.033462707801,4.309586561,1.0
2.16223213963,4.2899494003,1.0
-0.139275881928,1.40801578261,1.0
-2.13497861378,-7.6032475478,0.0
-3.27621056036,-7.41363611312,0.0
-3.93135128486,-7.65419623327,0.0
0.875770510223,-2.94074540789,2.0
-0.743411502701,3.58059100691,1.0
1.53717566279,-1.60122160998,2.0
1.19790268826,3.94424713557,1.0
2.52413957864,-0.841170198633,2.0
0.975509551791,-3.31052391239,2.0
2.21865668356,2.55066482169,1.0
-2.41444158787,2.23038204559,1.0
0.3101778735,-3.58126409911,2.0
-0.476500924066,1.4847847774,1.0
2.06978161124,-1.09850397543,2.0
1.89607648688,-1.54472825162,2.0
0.718277665072,3.26415677806,1.0
1.26143454873,4.44613804945,1.0
-1.0458259393,3.55115405334,1.0
0.730481297624,2.84351125669,1.0
-2.63344439987,-6.0984663663,0.0
0.878158368234,-2.04595730325,2.0
-1.62560923251,1.40934442733,1.0
0.283348536404,-2.55242348454,2.0
-3.43389221992,-6.89077768855,0.0
2.00596946728,4.05673209396,1.0
-2.5434842835,-7.06275564427,0.0
1.36198983966,3.26017548561,1.0
-3.15625010209,-6.09633115802,0.0
-3.78344195173,-7.36496018235,0.0
0.336239448117,3.82922142221,1.0
-3.08281299451,-6.75991451794,0.0
-0.453072945589,3.04097816141,1.0
2.17180749964,3.23462941473,1.0
-2.01856001122,-5.31364169021,0.0
2.69626065815,-2.15283153046,2.0
-1.0481031455,2.67348987708,1.0
2.55103585433,-2.52757071589,2.0
-1.61917447529,-5.26270793649,0.0
-1.34669246725,-7.01058514451,0.0
-2.78120348879,-5.61703277109,0.0
0.704963585973,-1.34281641773,2.0
-2.86136657539,-7.45173160391,0.0
2.09281696971,2.58965110184,1.0
-1.34151733234,-5.07285987625,0.0
0.0223352860503,-1.5468663428,2.0
-3.68804662059,-7.82378123476,0.0
-2.30965926661,1.23073047638,1.0
-2.44367189549,-5.16126745361,0.0
1.10098792817,2.9592071769,1.0
1.28222416546,-1.1958974598,2.0
0.587797349716,-1.66846657754,2.0
0.629459198618,-0.93291363727,2.0
0.678801968678,1.95775238865,1.0
-3.09676211363,-6.37779503219,0.0
-2.81858718605,-6.53996828064,0.0
-1.27433601458,-6.03310115426,0.0
0.192605169268,2.84198676725,1.0
-1.55835821952,-5.27083699062,0.0
0.204631848092,4.10520768683,1.0
-0.333001359565,-0.486222856401,2.0
-2.21802281814,-6.66482676615,0.0
0.0258509997839,-1.26968604658,2.0
-1.97567382758,-5.94410421489,0.0
0.666278924961,-3.66081172093,2.0
0.365588122042,-2.68971900628,2.0
1.87281930126,-2.33565627901,2.0
-0.19432485336,2.71590101341,1.0
-1.50778271317,3.01739180924,1.0
-1.76048381919,-6.77405679723,0.0
1.02068907992,3.19780231419,1.0
1.53747951996,-2.32100937283,2.0
-2.66327968087,-6.33382639814,0.0
-2.09616947706,-6.79486499531,0.0
-1.69548155826,-7.59649357112,0.0
0.328071086795,3.31338303062,1.0
0.722554265654,3.35578199731,1.0
1.02176903311,2.78364327282,1.0
0.322940441099,3.72727223419,1.0
1.24065640913,1.28646314417,1.0
2.6383365742,-1.79068688844,2.0
-0.158230595657,3.16708992735,1.0
1.89495237211,-1.37152588097,2.0
-3.80701323255,-5.6057254804,0.0
0.590383727698,3.10108706095,1.0
-3.83220368891,-6.15581149595,0.0
0.0509162303524,-0.0660460392093,1.0
0.686202555341,2.55522096586,1.0
-0.828644334413,2.85643133912,1.0
-2.74110893856,-6.62299145227,0.0
0.999846763358,3.97951289072,1.0
0.0652061394066,3.93301939344,1.0
-3.02895804959,-6.382096408,0.0
-3.67733244947,-6.45023433007,0.0
1.09195467518,-0.568997107921,2.0
2.36644788621,-0.0953871792035,2.0
-0.298776211108,-7.13914038668,0.0
1.17691200623,-2.85203862307,2.0
1.05926342353,-2.51590464908,2.0
2.28080466023,2.24203479345,1.0
-0.293936454578,-2.03615617429,2.0
-0.326502947436,3.99483787943,1.0
-2.62363702222,-5.40245078423,0.0
-4.52567259965,-6.17255422988,0.0
-4.50042009428,-6.32627695742,0.0
0.171211686145,2.92975934344,1.0
-0.598100365804,2.97388304595,1.0
0.421820766659,-1.45577806148,2.0
0.197246982679,2.92507715948,1.0
-2.28572052566,-6.0953182404,0.0
0.132776087264,1.19893313632,1.0
1.62027721996,-2.7734363682,2.0
0.333303015634,3.51806298654,1.0
-2.50161139746,-6.80351037059,0.0
-2.89941524295,-6.72406313169,0.0
1.04438839837,2.47125833332,1.0
1.27688083633,-3.58755888423,2.0
-0.102119098804,-1.25961124822,2.0
0.25635063394,-2.08456001729,2.0
1.01383106668,2.82547541438,1.0
-3.41600853684,-6.23256518941,0.0
-2.86445598433,-4.5191782278,0.0
-1.49663327991,-7.72618770056,0.0
0.878732638273,-1.85604556286,2.0
-1.52111001253,-6.73391679987,0.0
-4.18416790231,-7.09146982368,0.0
1.00252750879,3.34223325549,1.0
-4.20933988899,-4.66784427091,0.0
-3.68993696506,-7.18293930994,0.0
1.25076058865,3.25528941337,1.0
1.34309714357,-2.84050239262,2.0
-3.42660130102,-4.76940161721,0.0
0.991870539601,3.87345198292,1.0
0.32289481326,2.93935505497,1.0
-3.23836539849,-7.22145190263,0.0
-1.83699203468,-6.68598395963,0.0
0.342228339691,1.8152287197,1.0
0.329965440233,3.97400433552,1.0
-0.956075554376,1.74211436509,1.0
0.868211416792,2.74046775518,1.0
0.172727337944,-1.94952658342,2.0
0.490462672664,-4.38344448738,2.0
-2.68478863322,-6.62056777147,0.0
-1.8309305378,-5.93980487881,0.0
-2.3320311252,-6.60860581964,0.0
-2.72538885597,-6.41451024008,0.0
0.361541356333,4.76298494755,1.0
-2.80401998914,-4.81819095167,0.0
1.39230687529,3.81861121666,1.0
0.267319938263,3.70435212554,1.0
0.918035473742,3.42499187404,1.0
-1.80336454371,3.04386069985,1.0
1.72916820395,-2.20298455933,2.0
-3.83687287857,-5.15546655504,0.0
-3.14422204868,-6.67031612495,0.0
1.53537430776,-2.43476102294,2.0
-3.11590747434,-6.76856194772,0.0
2.33375903028,-1.94182588547,2.0
1.31725969508,-1.48145571451,2.0
-2.74074596003,-7.36365378285,0.0
-2.38005056269,-6.62956903151,0.0
0.768208590695,0.669250218964,1.0
-2.22823853339,-6.46482914965,0.0
-3.01596184745,-7.91485341713,0.0
-2.08785632795,-5.27360259598,0.0
1.93588915383,-2.48953927607,2.0
0.308101184291,4.63402571939,1.0
0.26992331139,4.04258662442,1.0
-2.34935012941,-7.21333426007,0.0
2.19783082759,-0.652962388523,2.0
1.59109237257,-1.28558648337,2.0
1.05171166686,-4.19427572671,2.0
-0.845477786715,-2.2017887955,2.0
1.86454054483,3.03076580576,1.0
0.373041635719,3.98532905476,1.0
-0.572345617548,3.44425245568,1.0
-1.32398097596,-8.11490331884,0.0
-0.794252033726,-7.82176970921,0.0
1.58720095034,-3.15470966009,2.0
1.67543701221,3.41772668139,1.0
1.89504620019,-1.28557686398,2.0
0.461352184789,-2.00937925429,2.0
0.760173017443,-1.6087045302,2.0
0.552541148618,1.98698280746,1.0
1.33132830716,2.60704379233,1.0
-4.80541556379,-6.57650504938,0.0
-3.52055376772,-6.87737913384,0.0
-4.81590815284,-5.28790536737,0.0
0.575561266995,3.15188220475,1.0
1.44661280042,0.108824450825,2.0
1.37976661199,3.15885760537,1.0
1.22660071971,2.83860610936,1.0
1.33979577179,-2.77953907288,2.0
-3.19067404451,-7.28219294465,0.0
0.776621635697,-2.95603290107,2.0
-3.37826082277,-7.36051646407,0.0
1.42161922076,-2.54863186437,2.0
1.62131876095,-3.12565958821,2.0
2.40243763622,-2.19119109505,2.0
0.372457441982,3.29780863041,1.0
1.12747536289,-2.26881963934,2.0
1.62282391606,-2.22034563238,2.0
-3.35291737036,-6.26933379542,0.0
0.437871417457,-3.50955227832,2.0
-3.01358244643,-7.3844072852,0.0
1.07766999762,3.47306114531,1.0
0.275801815916,2.59799403917,1.0
-0.477181531517,2.56440855529,1.0
-0.142826924161,-1.68313375972,2.0
-2.30853779693,-7.64475088341,0.0
0.0438658139142,1.81926222854,1.0
-0.444322265723,-2.19171037921,2.0
-1.55313160846,-5.79882717763,0.0
0.129487352267,2.46227505118,1.0
0.845481031176,-3.13061685896,2.0
0.588336587282,4.03753308909,1.0
0.383251087154,3.56281739274,1.0
-2.2099241459,-6.77264905771,0.0
-1.76458547933,-7.11788035107,0.0
1.55802574711,-2.17559941092,2.0
1.13755587178,-2.29499555975,2.0
-1.63064386158,-6.61348200138,0.0
-2.96302278949,-7.21395474431,0.0
0.907361534647,-2.74185531852,2.0
-1.65120573704,4.58359443034,1.0
-1.4706298407,-6.70224747683,0.0
0.654142822448,-2.77008287979,2.0
1.59480697543,2.5426240954,1.0
-2.38713694517,-6.52356499752,0.0
-0.0702590439091,-0.923339344031,2.0
-0.282917412838,4.46963831895,1.0
1.68672474835,-3.81954903263,2.0
-0.0369051902477,4.80035814775,1.0
0.446727055534,-1.71850950856,2.0
1.70773719104,2.73212110549,1.0
-1.47946046359,-6.20898827745,0.0
-2.05292908434,-6.90784044594,0.0
-2.1357804898,-6.55471505494,0.0
-0.467735222005,-0.533970784307,2.0
0.041404359551,-2.70714026968,2.0
-1.4701493599,-7.52103446951,0.0
2.01713923508,-3.46238530626,2.0
1.73448881161,4.3431701648,1.0
0.152568700712,-2.81236324402,2.0
-1.98194098182,-7.22382852617,0.0
-0.997249719494,2.88584374906,1.0
-0.0666123821863,-1.56896550295,2.0
1.46503735766,4.26358828814,1.0
-0.0613074040603,1.85568128602,1.0
-2.74829548814,-6.10824351002,0.0
0.660813284124,4.49809167494,1.0
-2.98478386901,-6.36676098503,0.0
0.266468382845,3.02994647034,1.0
1.34889822198,-1.95719467998,2.0
1.92766519418,-0.179768107057,2.0
-2.51774434565,-7.73537944102,0.0
-3.77847425308,-5.83844174034,0.0
-3.32181924295,-5.53043402576,0.0
2.25365449758,-0.889336876642,2.0
-2.60899100677,-6.48623467272,0.0
0.950235034549,3.68397504745,1.0
-0.87516289976,-3.74032531979,2.0
1.40504286647,2.70169077659,1.0
0.333341825312,2.4467977698,1.0
-4.28244969512,-6.62849113098,0.0
1.24219682681,-1.11475563679,2.0
0.678494600464,-1.70453512139,2.0
-1.69865416354,-4.79500749162,0.0
1.61770982422,-1.03068642458,2.0
-1.59738965734,-8.46556055204,0.0
-2.79705952397,-6.50733029041,0.0
-3.36995025147,-6.88829799388,0.0
1.88584698738,2.63901926788,1.0
-0.519429003771,-6.93085770119,0.0
-2.4312228648,-7.08203192634,0.0
-0.300441392056,-2.29219371841,2.0
0.738673464257,-2.57542624119,2.0
1.38118177831,-0.313289154101,2.0
0.75833169318,-1.61815584227,2.0
2.76015555635,-1.26244928041,2.0
0.185940610453,2.72576602862,1.0
-0.138388901887,-3.24552351155,2.0
-3.23697463655,-5.26678385027,0.0
-1.65849661812,-6.6122108336,0.0
0.208527037648,-1.2949805206,2.0
-3.13800202073,-6.56694086476,0.0
1.15263935606,-3.33364122134,2.0
0.720780118679,-1.07026669466,2.0
0.477778016353,0.766500587173,1.0
0.674438639156,-8.73350862401,0.0
0.915596112044,-3.19677436993,2.0
0.836830753151,-2.31336964194,2.0
0.209057173995,2.36475017104,1.0
-0.193359657406,4.28804715938,1.0
-1.81450280733,-7.23351106637,0.0
-2.38832634178,-6.21507245686,0.0
1.17393461494,-2.23872350312,2.0
1.24839970182,2.43493203561,1.0
1.56448562945,2.77045280694,1.0
1.20397037286,-2.12419182807,2.0
2.24964060664,-0.771917803539,2.0
-2.83107638684,-7.65729550151,0.0
-0.518050948699,4.01703646842,1.0
1.89550704176,-0.274866977425,1.0
-1.57096512412,-6.43975159081,0.0
0.531558268443,-2.0881053058,2.0
2.97928833544,-2.7661324405,2.0
0.608912523327,-2.29583149816,2.0
0.257750001187,-1.01574571712,2.0
1.21016223218,1.10112236604,1.0
-4.69393164992,-6.80829014186,0.0
0.920975735561,-1.02288840892,2.0
-3.02841514154,-6.2811383421,0.0
2.5605453038,2.19512797205,1.0
-1.71359240102,-6.65511305117,0.0
-0.436398484345,2.15755361708,1.0
-0.484694869738,4.13090497705,1.0
0.301155220633,5.01265652907,1.0
1.84054948684,2.97384309257,1.0
-0.591200023628,-5.83986831588,0.0
0.446814863867,3.24162236555,1.0
2.31874567476,2.69599830268,1.0
0.747989767454,3.15825786067,1.0
-3.65046484706,-6.71676493164,0.0
1.79977170158,-2.10132115049,2.0
-2.25339438521,-6.87843152781,0.0
1.55060199936,-1.09419718802,2.0
1.21705384787,2.76842429877,1.0
0.091267848118,0.630022484766,1.0
-0.400245302387,2.50436114856,1.0
1.206491506,1.63874262437,1.0
0.914080991332,3.29242208382,1.0
-0.219104473724,2.92448514173,1.0
-1.40122354305,1.90879463455,1.0
-0.284026479403,-3.47386819585,2.0
0.036592677263,-3.35828761949,2.0
-4.15740979052,-7.18387855805,0.0
1.93452126973,2.41170474336,1.0
-3.51301955589,-5.66987948557,0.0
-1.65260691801,-8.24255636035,0.0
-2.55706287569,-6.31461746789,0.0
1.29882524072,3.31193799983,1.0
-2.49175738656,-6.88665987849,0.0
-3.3067773476,-6.43368300274,0.0
3.52075236785,2.39708944221,1.0
1.54298225681,-0.491901017179,2.0
-1.68560366708,-4.85483707395,0.0
0.359858992329,2.60249675523,1.0
0.428321635473,2.26431487889,1.0
-3.18225830761,-6.54638078216,0.0
1.81073767517,-2.33877241114,2.0
-1.71516961114,-6.96996584736,0.0
1.44870309889,-2.03011995287,2.0
2.07986145753,-1.28509167505,2.0
-0.667682891328,3.62136144729,1.0
-3.3843217721,-7.62548325915,0.0
0.878322516682,-1.53294285894,2.0
-2.3927335394,-5.8418740556,0.0
-1.49521659615,-5.94497911421,0.0
2.16188954465,3.46336799004,1.0
0.673364549665,-3.43467431595,2.0
-1.01575429898,-6.41037855105,0.0
-2.08635969358,-7.30642436885,0.0
0.972077572289,2.82550739647,1.0
-2.84666887333,-6.52380198972,0.0
-2.70817484813,-5.63359120742,0.0
-2.54740263797,-8.62469923814,0.0
-0.569358507965,4.10896899049,1.0
0.783119900943,3.32003682465,1.0
-3.80858506056,-6.74557375069,0.0
-2.95583712155,-5.42310731946,0.0
-0.738225202116,-1.07005005111,2.0
0.961072280676,-1.15637724097,2.0
0.728684967918,2.20376257143,1.0
-0.49460861436,2.72759042488,1.0
1.35356050816,-2.79586797896,2.0
-1.80651819499,-6.92136735385,0.0
0.623254354822,-2.43944655429,2.0
-0.724079350653,3.7651176421,1.0
0.557729762907,3.88932981358,1.0
-2.62597811537,-6.07407694153,0.0
2.52965275008,-3.15277882823,2.0
-0.17877006819,3.36301869025,1.0
0.217578037585,2.54266290293,1.0
-4.10045667014,-5.66866741121,0.0
-2.59247194969,-7.95333102842,0.0
-3.78717902492,-7.16955266622,0.0
1.46624385369,-1.48987368824,2.0
-0.335454756858,1.21681257248,1.0
0.794775574982,-1.32906609748,2.0
-0.944548741226,-5.2489912806,0.0
-2.69487355099,-6.35735090009,0.0
0.218095564783,2.71549868462,1.0
-0.36599795013,4.59811281918,1.0
0.402525755107,3.45432387533,1.0
-3.01327994459,-5.4954130844,0.0
0.247171037863,3.33261770908,1.0
0.214795511861,-2.17294209813,2.0
1.53280003315,-0.845623780312,2.0
-3.04448148928,-6.39375840926,0.0
1.28775394292,-0.759160909586,2.0
0.881311924065,-0.886079849032,2.0
-3.4608296255,-8.30682777732,0.0
-1.43869287898,-6.41577003512,0.0
0.233892127384,2.61747472738,1.0
0.0562803075506,3.41492602825,1.0
-0.233004452775,4.46056349248,1.0
1.1106929565,2.85853255424,1.0
-0.869318339661,1.6974323555,1.0
-2.49374502837,2.29176203716,1.0
-0.310429656386,-1.01155536168,2.0
0.752644657316,2.40220368104,1.0
-1.06689012511,-6.64861255982,0.0
0.800235654491,-3.03756223276,2.0
-3.6581557463,-6.30445622394,0.0
-1.48186891255,4.07482884058,1.0
-1.48748094288,3.18099974684,1.0
-0.439749687762,-1.91332515406,2.0
0.0704466247698,1.69831314858,1.0
2.00139674642,-2.65297571686,2.0
-1.79936983842,-6.20228960249,0.0
-1.07819708514,-6.22674644217,0.0
0.949047970212,-2.30091486614,2.0
0.537126653698,3.76500372372,1.0
1.83417117415,-2.1691553624,2.0
-4.09087200525,-6.42186189217,0.0
1.36925641189,-1.12019517022,2.0
-2.04716979141,-6.23551070448,0.0
1.65335702219,3.70650210232,1.0
0.520842317169,2.5000263005,1.0
-1.12566426929,-8.08661638775,0.0
0.81464113514,0.55305627278,2.0
1.83891098218,2.63439509137,1.0
-2.46673265932,-8.0601178541,0.0
-2.87939202946,-8.7970715793,0.0
1.57282761665,-2.44934581283,2.0
1.06182807659,3.59063920745,1.0
-2.25149241992,-7.97228338622,0.0
-4.00510396607,-5.43221098662,0.0
-2.77431036978,-7.29491020642,0.0
0.467492414849,2.4172432787,1.0
1.56005909639,-1.42303242276,2.0
1.27866025714,3.38432100695,1.0
-0.423805543645,-0.444067583198,2.0
0.895909977968,3.42807073771,1.0
-2.35082953388,-8.04643867975,0.0
0.431427940425,3.77759219274,1.0
1.0489326346,2.65873301642,1.0
0.219170522279,1.0198170821,1.0
0.0790798623681,2.06074368034,1.0
-1.29837854528,4.96686389583,1.0
-3.00428959198,-4.31904132934,0.0
-1.47599172836,-8.1335204275,0.0
2.24031969052,0.341309117319,2.0
-3.75452156684,-6.1880298661,0.0
-0.221490668747,3.58929172302,1.0
-1.51580577965,-7.30191935502,0.0
-2.56701086548,-6.42925616078,0.0
1.38380778815,-1.77779606404,2.0
-0.451894234349,-1.07424792166,2.0
2.8645035035,-1.48729122622,2.0
0.822774852528,4.22765141237,1.0
-2.93093052765,-7.79402592153,0.0
1.42302021422,-2.80614885605,2.0
-3.27533237441,-8.29157518327,0.0
-0.121939018986,3.0737644629,1.0
-2.86272683001,-7.47831657833,0.0
-0.219381938896,3.6376396188,1.0
0.382942038261,-1.76303863301,2.0
2.00790276683,2.90866466666,1.0
-2.668364166,-5.51258197354,0.0
-4.97658003904,-7.98602597636,0.0
-1.66711037997,-6.38993173909,0.0
0.160658862429,4.36210295048,1.0
1.37932865372,3.30864280823,1.0
-4.14345476985,-4.91902372046,0.0
-0.0193438048327,-1.05543476185,2.0
3.51029829893,-2.28106309892,2.0
0.0767460834865,-1.90593851062,2.0
2.09698375458,-2.2325853486,2.0
-0.25665511484,3.50357780238,1.0
0.721859065647,2.11253256524,1.0
1.03230965126,-1.94461192033,2.0
2.31226722366,0.525809389605,1.0
3.03022471254,-2.01841834533,2.0
-0.0510402345003,4.11774385605,1.0
-3.53226325284,-7.63165885905,0.0
-2.79742430531,-6.97695032715,0.0
-1.54362020953,-6.17578895238,0.0
0.471441959438,-1.03958364399,2.0
-1.66615937789,-7.83087505685,0.0
-0.0374901144454,2.38238578124,1.0
2.53007163199,-0.586455978883,2.0
1.88917334543,2.59138149333,1.0
0.81929367419,-0.698478528099,2.0
0.849884315863,-4.27154608516,2.0
-1.97307690127,-6.5242598944,0.0
0.828336708782,-3.13417852631,2.0
-1.48056917331,-7.44064154003,0.0
-1.85164219826,-6.40057792877,0.0
-1.2991702367,-7.55170322788,0.0
1.83904892921,-2.49149803983,2.0
-4.01747528242,-7.30744617586,0.0
-2.54874566638,-5.70517205135,0.0
-3.82728034342,-6.31809663273,0.0
-1.13950528556,3.0839335125,1.0
2.50512728487,3.05632415855,1.0
1.96086996506,-1.61479053608,2.0
-0.197494862119,2.61193436925,1.0
0.429822582604,3.10231192208,1.0
1.33960964008,1.22223526778,1.0
0.582689225377,-1.36551104866,2.0
-1.53907076436,-7.04329975409,0.0
1.30316020356,0.453348396722,2.0
0.321498263408,-2.58581768569,2.0
-0.399659095933,1.95883419518,1.0
0.522833886418,3.30137397607,1.0
2.2812927911,-0.449363688865,2.0
0.969530929041,-1.37339097071,2.0
-3.1438431955,-5.48870488874,0.0
-0.410218795192,5.50939756498,1.0
-0.261800259034,3.79409151505,1.0
-1.09219148798,2.54971085809,1.0
-2.73969584819,-5.81549796343,0.0
1.82659462144,2.38799669144,1.0
-0.0128015300244,0.961266972881,1.0
3.87752625705,-1.48679882292,2.0
3.04333164449,3.70418918188,1.0
-0.283224800111,0.308284119359,2.0
-2.31005726282,-7.9242886422,0.0
-2.51490593188,-7.30043348709,0.0
-2.27770634952,-5.76297687419,0.0
-3.23838340431,-6.9090556891,0.0
1.22055483349,3.73343734085,1.0
1.95310207224,1.82424175902,1.0
-2.79250849589,-6.96200304221,0.0
1.07491662869,-3.75247177519,2.0
0.93225972393,3.31159572994,1.0
1.29064237885,-2.78007558881,2.0
2.12459962177,4.08164871102,1.0
1.2745138616,2.38449510676,1.0
-3.75160677869,-6.07803223084,0.0
1.59558109341,4.17057135722,1.0
1.85408980151,5.24857239076,1.0
3.2398222658,-3.16530520181,2.0
1.08108884887,-1.01332063586,2.0
-3.3033571809,-6.81549520789,0.0
3.21210324136,-2.14831471742,2.0
-2.21045126922,-6.6554485748,0.0
1.06655167681,2.50079886345,1.0
0.68567495811,-2.56747542973,2.0
0.281370632435,-1.02390526737,2.0
-0.0163521786658,2.96687683641,1.0
0.853130620742,-1.73666053774,2.0
-2.20935159296,-5.49526222579,0.0
-2.87773725303,-6.29373856217,0.0
-0.0424171425982,-2.42403389728,2.0
1.22008182577,-3.0609254228,2.0
-0.635641157439,3.39354459947,1.0
0.763858328822,-2.69960046316,2.0
-1.61959370425,2.77627708712,1.0
0.581811253334,-2.64168223446,2.0
1.66540130641,3.26268467089,1.0
1.32492716613,2.27782041405,1.0
2.51796373341,-3.28391959617,2.0
0.499314374078,3.13914153872,1.0
-3.76566754349,-5.52301363434,0.0
-1.79290164894,-6.29213772718,0.0
-4.19395170796,-6.0829695553,0.0
-2.42792958699,-6.26986286546,0.0
-2.65309985895,-8.18780378023,0.0
-2.73324255556,-7.19738743362,0.0
0.428348352066,-2.18747042087,2.0
1.92792192038,-1.76714107647,2.0
-0.063235488788,-0.751706490068,2.0
0.988043835189,-0.926884384498,2.0
-0.0992057206327,2.91783051334,1.0
-2.80855096364,-5.09268793911,0.0
-3.36541188826,-6.52302484457,0.0
-1.86573759046,-7.08476125422,0.0
-1.93572636618,-7.25811341246,0.0
1.20993049347,-2.48503616103,2.0
-3.17309331726,-7.60735318825,0.0
-2.8194495731,-6.77632690315,0.0
1.23245614613,-1.66331109694,2.0
-0.378187893383,3.31285965437,1.0
-2.93931785655,-8.07273449251,0.0
1.70391838504,3.68680234772,1.0
-2.57899807824,-6.33349931655,0.0
-1.3914634613,3.11745915702,1.0
0.607084816919,-2.43068319974,2.0
0.648657067867,4.83436222026,1.0
-3.9231710161,-7.15307921286,0.0
-4.46759610673,-8.81186341981,0.0
1.00167246625,-2.35717068101,2.0
0.538640780386,1.4599116814,1.0
-1.29184245363,-7.32006409617,0.0
-3.36704348842,-7.2207650493,0.0
-1.67704441794,-6.4843016787,0.0
-1.34811370084,4.47817293742,1.0
-1.60014556648,-5.54929419565,0.0
1.08170403179,4.29305013593,1.0
1.14319082607,-0.844273097218,2.0
1.08126952027,4.72510451812,1.0
1.37210358432,-1.59799884741,2.0
1.95934019675,4.66313920351,1.0
-0.177771643975,-1.45195548085,2.0
-1.99332414876,-7.72921095024,0.0
0.610153442015,3.73263258772,1.0
-0.28004349554,3.17483015993,1.0
-2.84638937363,-7.30247436231,0.0
0.238045780785,-7.39940636167,0.0
0.98821839607,-3.29211844603,2.0
-1.83922122933,-5.79021580795,0.0
-3.33011095567,-7.147886836,0.0
1.0150338331,-0.0430972960683,2.0
1.22352168737,3.65409171572,1.0
0.290817417318,1.89000785434,1.0
-2.00030897837,-7.32971534677,0.0
0.786897933739,-3.01499047361,2.0
1.64784002789,-1.09223347125,2.0
2.9064237945,-1.35339782697,2.0
-3.17319433491,-6.94315359169,0.0
0.313115085497,3.2082778111,1.0
-2.99655445518,-6.00476043932,0.0
1.48704979929,3.67628602566,1.0
-2.87634813402,-6.6524227591,0.0
1.1182349983,3.37758197256,1.0
0.362154224307,4.00072056437,1.0
-0.707771087277,2.29911319773,1.0
-4.04596870374,-6.16525699578,0.0
-0.489131727439,1.43180266664,1.0
1.1599890431,-2.12002399461,2.0
0.0911187203067,-6.19386971137,0.0
-5.09836391811,-6.36731517035,0.0
-3.24238999563,-7.9070047737,0.0
-4.31907436962,-7.82004401004,0.0
2.10182374754,2.68324472478,1.0
0.933871389024,-1.6160844753,2.0
0.948012429608,-1.6991646042,2.0
-0.157058462162,3.34143488503,1.0
2.87824914889,-3.48944155018,2.0
0.535869884496,1.59405738926,1.0
0.808463946698,-2.50965574812,2.0
-3.2618703782,-5.46765263997,0.0
-2.84690879521,-5.35153127253,0.0
-4.24550885291,-7.7349667699,0.0
-3.26597021536,-4.50309303732,0.0
1.27916336593,-1.85401614705,2.0
1.99630814489,-1.86681986897,2.0
0.0148585700764,3.15756636244,1.0
-3.59399926146,-5.79351386201,0.0
-0.167512489446,2.19370310262,1.0
0.63734288472,3.13450720585,1.0
-3.33144924727,-7.13930693269,0.0
-1.01100784812,-4.93445182421,0.0
-2.55751854287,-6.24997705328,0.0
-2.96140937721,-7.87056317749,0.0
-2.67838832448,-6.90731253394,0.0
-0.72391156228,-6.52347537479,0.0
1.36265691968,-1.47584192513,2.0
-2.10683742021,-7.68399696504,0.0
0.348358592779,0.993365658006,1.0
0.163335137388,-1.92650586567,2.0
-3.72544536157,-6.07776227385,0.0
-2.74926822813,-6.28987404884,0.0
-2.86481391432,-5.64883803022,0.0
0.318895044687,2.17219839475,1.0
1.99871049482,2.4935998442,1.0
1.65005427744,-1.49127209239,2.0
1.27077241686,1.02985576037,1.0
-3.00283442234,-7.11913697399,0.0
-2.14935089059,-6.64190630156,0.0
-3.35198194689,-6.51948393577,0.0
-2.77793403066,-7.44269708205,0.0
1.15556474936,-2.46597980957,2.0
-1.14934676719,-7.4718030958,0.0
1.4522194575,2.29889288322,1.0
-3.00743766287,-7.88623447073,0.0
-0.301575415837,-4.11754513351,2.0
1.69480181937,-1.12627564153,2.0
0.592189402308,2.57899577783,1.0
-2.88219965964,-5.43426836378,0.0
-0.325455889359,-1.64793041865,2.0
0.48633417167,-1.03482681667,2.0
-2.86949932484,-6.81693692447,0.0
-4.39093056191,-7.54356256563,0.0
1.68705737125,-2.61987547969,2.0
0.0123443766747,-1.09266697079,2.0
1.08865680392,2.35611982329,1.0
0.603204361187,-3.20032641131,2.0
2.74521194919,-0.385842570517,2.0
0.379325214422,3.54131176929,1.0
-1.07085582458,1.8762647871,1.0
1.9123518878,3.76281212176,1.0
-0.385373052336,3.57427675659,1.0
2.66542653137,-1.58507204931,2.0
1.70938386118,2.93468086054,1.0
0.704869066265,3.44865457879,1.0
1.04838372636,4.35710939709,1.0
-1.79937800226,-4.51524599174,0.0
1.06606169895,-0.908458509874,2.0
-0.925912477559,-1.42047026698,2.0
0.235614046634,-2.03400646674,2.0
1.87195674916,3.21938999784,1.0
1.21647107239,-3.50172875763,2.0
1.20181457441,2.49847734909,1.0
1.53533750772,3.27770852141,1.0
1.26228612009,-1.33184798152,2.0
1.74054407187,2.99092464156,1.0
-1.52658184792,2.63290850073,1.0
-2.31806814387,-7.54845973625,0.0
-2.89173873226,-6.86392974519,0.0
0.462568340179,3.26006060974,1.0
-0.0211103601053,3.48290470095,1.0
0.814895405723,-1.7194054202,2.0
-2.5158260052,-5.50474440436,0.0
-2.31397523905,-5.60423087726,0.0
-4.18441990404,-8.22261910192,0.0
0.514672256036,-1.49698409576,2.0
0.134817877098,-2.58240250134,2.0
1.17378508187,-2.73551799981,2.0
-3.08960146072,-5.95135157656,0.0
1.54866138389,1.73306155024,1.0
0.398860305082,-4.0776476729,2.0
-3.54891347046,-7.00265319933,0.0
-1.78093705021,-6.55029511654,0.0
0.901780809272,2.78823917305,1.0
-0.559841584223,1.43280132397,1.0
0.826759788279,3.34613874333,1.0
-4.0235593547,-8.64526723666,0.0
1.24847037915,-0.916460726039,2.0
0.375245253595,2.97146389234,1.0
-0.278658971302,3.26498772981,1.0
-0.27580985024,-0.999014599343,2.0
2.32565832029,4.31525623192,1.0
-3.62035466988,-7.58372514796,0.0
1.14247510991,-2.69352419297,2.0
-0.499686451824,3.79498851908,1.0
-3.24268670819,-5.74094268506,0.0
0.62401531582,3.36960014793,1.0
0.0241697222751,1.9417510714,1.0
0.793163856487,-2.26815665601,2.0
1.35920432069,-3.89710570374,2.0
-0.335363341153,1.52290061667,1.0
0.227155595901,3.89330005011,1.0
-1.28628512247,2.21017520153,1.0
2.45831546549,2.64953037526,1.0
-0.749712032531,2.85592860104,1.0
2.28552457887,-1.81411801966,2.0
-0.926496095311,-2.8578940427,2.0
0.954226757538,3.9440206311,1.0
-0.128760687649,1.12336925596,1.0
-0.0532964346115,2.14362011981,1.0
0.894582451277,-2.51718629908,2.0
-2.58953741307,-7.25158402767,0.0
2.71612368186,2.88848152676,1.0
0.524714701551,-2.39424689501,2.0
-2.36176173529,-4.91287506139,0.0
-3.47733104673,-6.46462820691,0.0
0.942328506841,-2.72703367793,2.0
1.85762208921,-1.19494523376,2.0
1.16976972235,3.74758411005,1.0
-2.9319451857,-6.09648002722,0.0
3.06876818857,-2.46187221277,2.0
-3.54784397493,-6.32309550497,0.0
-2.60194873831,-5.63183026132,0.0
-3.87441785719,-5.11526593315,0.0
-0.247835844618,-1.67474336839,2.0
-2.66331180459,-7.58270071687,0.0
-3.4217536722,-6.37393352082,0.0
1.90700179243,4.41710225141,1.0
-1.58583791064,-6.55400139764,0.0
-0.0168793279241,-1.24476380408,2.0
0.539242592218,-1.05412795587,2.0
-3.66673076656,-4.92874672998,0.0
1.98742907753,-2.91397494097,2.0
1.27007808946,3.68518777444,1.0
-3.14434137342,-6.28829219419,0.0
0.432689482914,-2.04170008893,2.0
0.941242054637,-2.17973285697,2.0
-0.510455080371,4.03386456423,1.0
1.57062205947,-5.59169177569,2.0
-0.918763221754,-1.01059353768,2.0
-2.31131027962,-6.71552509595,0.0
1.74613860325,-1.39121430231,2.0
-0.358823616443,2.58871633062,1.0
-1.74176393519,-6.99147826139,0.0
-2.22115205857,-7.37705668446,0.0
1.47992978012,3.64908957001,1.0
0.130875627343,3.77419810393,1.0
1.60499518756,4.57915071305,1.0
-1.90311911175,-5.99247469043,0.0
1.90524329455,2.28479560977,1.0
-1.16987721043,-6.52135915482,0.0
-3.56427156851,-7.56376258411,0.0
0.977227002928,4.19141198508,1.0
-1.35265367595,-6.80048500874,0.0
-2.95429295446,-6.34807218613,0.0
-1.21116444977,-6.19721768101,0.0
1.15976181666,-3.04228240678,2.0
1.36352170162,3.64852669655,1.0
-4.87303538442,-7.9302279486,0.0
0.629745842831,-3.92166658782,2.0
1.63569895351,-2.37462091409,2.0
1.37024580157,4.10770240891,1.0
1.10283357645,-1.27258684487,2.0
-0.36510799143,-7.80762835183,0.0
1.53833146469,-3.64037866199,2.0
-2.92035705971,-6.6517043944,0.0
0.775979336715,2.23862792935,1.0
-1.88460774673,-6.20263966448,0.0
1.70618353905,4.87316725764,1.0
1.26175392189,-0.961452607024,2.0
-1.10602485278,1.62566146493,1.0
0.816974785935,2.77360926022,1.0
0.912675407379,-3.05066230645,2.0
-2.92601852592,-7.2194749124,0.0
-0.612421371996,4.67113288455,1.0
-1.71176734421,-5.7185438804,0.0
1.29524226823,3.41928963527,1.0
-0.247834427397,1.83884626909,1.0
-3.7477860805,-5.72602487908,0.0
-3.64913117202,-7.78113821061,0.0
-0.261772781879,-2.40176010843,2.0
1.72627664887,-2.21706148557,2.0
2.09285969308,-3.7660320065,2.0
0.0284454507359,-3.26759083101,2.0
0.581085830479,3.35908331374,1.0
1.59303258249,0.996941717039,1.0
-2.98765883139,-4.67817199305,0.0
-3.02098156901,-6.29057487216,0.0
0.619470520137,2.24004464138,1.0
0.401821945757,-1.77966124338,2.0
0.22105644013,4.59300771037,1.0
-2.45494429185,-6.77432795392,0.0
1.20028167856,-1.49915745533,2.0
-1.01343923983,2.39464834002,1.0
1.20364283066,3.3837313024,1.0
-1.22917531491,1.921276483,1.0
-2.77797093091,-5.47404634999,0.0
-0.0207000252072,2.22464029596,1.0
-1.27431665512,-6.49411545677,0.0
2.23961213459,0.353332872543,2.0
1.50593438767,1.83655976457,1.0
-0.940139314798,-3.48168286117,2.0
0.00362290506765,3.91134640855,1.0
1.29105166916,-1.70894211999,2.0
-2.43850773814,-7.10072125601,0.0
1.45022907002,4.17846926,1.0
-2.53660800937,-6.64554990222,0.0
2.25705876442,2.29025150732,1.0
-1.1933734066,-8.29047416352,0.0
1.75246021272,-1.65561078771,2.0
0.531950480669,5.62159213375,1.0
-4.18184381136,-7.74095931339,0.0
-0.152971313946,-2.36611684591,2.0
-3.8405428263,-6.74490374652,0.0
-0.510674434513,3.36642350251,1.0
-3.56885505555,-5.03726112385,0.0
-0.672306928253,2.94653943885,1.0
1.00742856615,1.95050416935,1.0
0.60458962595,-2.13922134977,2.0
-1.34866281371,4.51414972422,1.0
-1.12722339225,-1.04741725427,2.0
-1.72224329199,-6.2393478857,0.0
-2.11732369964,-6.06122538135,0.0
-2.25213710931,-5.93599246069,0.0
0.263933444349,-3.04160062592,2.0
2.07953631392,-1.52857330911,2.0
1.91497028502,2.79277547761,1.0
0.630478609706,-3.65169032522,2.0
2.32038966083,-3.1518597674,2.0
-0.718395528611,3.69909277502,1.0
-1.49213416732,-7.61567614717,0.0
-3.38698123067,-6.730815055,0.0
-0.231983610889,2.13167335113,1.0
1.62953487928,-3.862139529,2.0
-3.88832228102,-7.97480895866,0.0
-1.39294938077,-6.83061898938,0.0
-5.1301580645,-7.29754842812,0.0
-1.30370897369,2.61768242217,1.0
0.244649570053,1.96582870911,1.0
2.53372809628,-2.28900323637,2.0
1.56623297687,3.49953384783,1.0
-2.44960468661,-5.18458172454,0.0
-3.65230455209,-5.99813625395,0.0
0.815712979104,1.76699291736,1.0
-3.1375268671,-6.66062948529,0.0
1.56383199002,-1.52323486435,2.0
-3.7461573646,-4.87681418868,0.0
-0.866020750441,2.03628775145,1.0
-0.772615041426,3.55861981267,1.0
1.52404688508,-2.55376122845,2.0
2.0826599744,-1.01525960263,2.0
-0.309422802791,1.67195354316,1.0
-2.51250985728,-7.41837263829,0.0
0.246410433435,3.11854545799,1.0
-0.551456770798,-0.0786028647427,2.0
0.949360436414,2.52630542675,1.0
0.580597228678,-1.90710830049,2.0
-0.98941865839,-7.94572663957,0.0
-4.47809016545,-6.88645155406,0.0
0.541136599462,-2.77039958445,2.0
-0.656766732456,-0.50395598253,2.0
1.174432971,-0.720916281979,2.0
0.905465096076,2.59082747129,1.0
1.28796790216,2.71389272075,1.0
-3.08592645285,-9.02225485526,0.0
-3.43380015688,-5.70871481734,0.0
-0.261660067099,1.83666669219,1.0
-0.388442671422,2.53303446377,1.0
0.130784350642,-1.78870855939,2.0
2.42692400209,-2.24319403045,2.0
-3.65536445453,-8.18486439987,0.0
-2.47578414057,-6.86872157006,0.0
-1.00870067097,-1.57040344413,2.0
-1.38537607328,-5.48701566404,0.0
1.98281631943,2.5402016746,1.0
1.30310389804,3.54440634967,1.0
-2.63252612979,-5.93587726244,0.0
0.685302520968,-2.84686106767,2.0
1.56161297541,-1.65325851183,2.0
-0.695433902568,4.05177799608,1.0
-0.0804913449199,3.13973170011,1.0
-1.16969438541,-0.966857935661,2.0
1.89772869599,3.06809498887,1.0
0.558760503089,2.76069030349,1.0
1.30900218764,-0.612910023791,2.0
1.63351924769,-1.53272563157,2.0
1.3038520507,2.43972267783,1.0
2.14850814321,3.07975486244,1.0
-1.58621507901,-7.83566814336,0.0
-2.28417364532,-4.8921058076,0.0
1.40944892815,4.82733743307,1.0
-0.388054836152,2.50077136917,1.0
1.72108075507,-0.837557066813,2.0
-1.98853101615,-6.05807525462,0.0
1.51973311846,2.25365714836,1.0
1.76508348327,-1.24360112405,2.0
0.059752570249,-2.16189607719,2.0
0.724057309336,3.00706519129,1.0
-2.02947544546,-6.85339323886,0.0
0.972460108559,2.39315614059,1.0
-2.57741186313,-7.57602311363,0.0
0.409056508169,2.09835113822,1.0
-0.969107497962,-5.74776872633,0.0
1.0935512576,-2.77734822672,2.0
2.58124783664,-1.05475475884,2.0
0.56596127214,2.86783804023,1.0
-1.0154873224,2.19272383212,1.0
0.147284399983,0.812121016859,1.0
1.63483082006,-1.31099125672,2.0
-0.218439923,-1.87551133051,2.0
-1.75357578411,2.01326610591,1.0
-2.59014526825,-7.38670197628,0.0
1.89061347281,-0.265071461927,2.0
1.43126562149,3.88526749422,1.0
0.0386478121075,-1.46754387799,2.0
1.16544387989,3.98638148049,1.0
-1.06682808878,3.38906259748,1.0
-2.60798731244,-5.74961873701,0.0
-2.25890820223,-5.28837647874,0.0
1.42892290356,4.26317708253,1.0
0.462534079359,4.26573789458,1.0
0.145880897122,3.61512704058,1.0
0.715362516999,-3.52222408901,2.0
2.05772687811,-1.8634372771,2.0
-0.338305956927,2.85049092632,1.0
-0.230966325797,2.69249055676,1.0
2.07917013699,2.91494374697,1.0
-2.80477121687,-7.33401954486,0.0
2.07283182486,-2.94399958928,2.0
-2.81242368374,-7.06288989621,0.0
-2.2079959697,-7.95331353572,0.0
0.871869468844,3.33176087531,1.0
2.1398732336,-1.74314072213,2.0
-2.47132955076,-6.20654730963,0.0
-0.0826798740607,2.25353875515,1.0
1.85128195936,-1.3749032037,2.0
0.954433072455,-0.515287057704,2.0
-0.174302498943,2.0620239792,1.0
-0.449609348317,1.95390603254,1.0
-1.26530532894,-7.03963634849,0.0
-0.571261028624,0.761753667619,1.0
0.498223276457,3.32771065442,1.0
0.951065360807,-2.4052426745,2.0
-1.35163187668,-7.56052159529,0.0
1.07710914875,3.52851755346,1.0
-0.407741916534,-1.42871299967,2.0
1.96133224406,-2.66553897669,2.0
-2.41491627185,-7.85118035137,0.0
0.16794384441,2.69457681071,1.0
-0.84338292502,3.1557287323,1.0
-4.20146765952,-9.15925094352,0.0
1.49305000011,-3.37259861135,2.0
2.28578143375,-2.75002706113,2.0
1.86287059014,-0.293572242359,2.0
-3.21619153625,-8.84280542547,0.0
-0.887563905625,3.12126400227,1.0
-1.25882317798,-6.35244661359,0.0
0.189376974124,2.37123772202,1.0
-0.214851547691,3.48437679725,1.0
-0.26108579734,3.27817842977,1.0
-2.88541235687,-8.67807898228,0.0
-0.77628295837,4.22399411506,1.0
-0.22935819572,2.03401955906,1.0
1.97172274678,-1.83080296106,2.0
-3.35927355888,-6.6457663073,0.0
1.83268253744,-2.05469592135,2.0
1.26991956871,1.94009094264,1.0
-2.13811656855,-6.50215828605,0.0
2.3920797469,1.53749387193,1.0
3.57272268742,-2.93299361142,2.0
-0.0620182447083,-2.03258857193,2.0
-3.89572302402,-7.70788429231,0.0
-3.09347539855,-7.65507583595,0.0
0.630462273828,-1.89942704112,2.0
-0.416601889871,3.24016448037,1.0
1.17908577482,3.4277410358,1.0
-3.66510902291,-7.35841043623,0.0
-0.452273428999,3.25417286143,1.0
0.360950399353,3.57546524782,1.0
-0.192849224736,4.41924974453,1.0
-4.49340528255,-7.62913054071,0.0
-3.9825061578,-6.87345786047,0.0
1.261274874,-1.12801160287,2.0
1.48912809833,1.49132761992,1.0
-2.26094384207,-8.12799975809,0.0
0.894271306504,4.23264066861,1.0
-2.37667464981,-8.31829514348,0.0
1.87792558743,3.41799763881,1.0
-1.96104340457,4.98026813884,1.0
1.56119427796,-3.08742494335,2.0
1.00943314652,-1.98256797215,2.0
-2.15723236496,-6.28158793499,0.0
2.35945351322,3.74666603643,1.0
-2.27593893125,-6.32823121024,0.0
1.59950096422,-2.51225243907,2.0
0.46988180606,4.30103573551,1.0
-1.06355345709,-0.932060322796,2.0
-1.65436117721,-7.47425020798,0.0
2.57310679665,-3.11235566738,2.0
1.53468822894,-3.34255236398,2.0
-0.00717196291155,-2.2813349472,2.0
2.21426224219,2.84480289962,1.0
-2.70540816538,-7.91474061267,0.0
1.7311566862,-2.28520239077,2.0
1.42935279127,4.8254602326,1.0
-2.29306073031,-7.47892054794,0.0
2.33976436938,-0.859354628558,2.0
0.51513877772,3.11075184591,1.0
-1.5452250391,-1.58290158391,2.0
-3.04986772282,-6.47919873774,0.0
-3.39123794294,-6.13179974634,0.0
-0.858001013955,-3.26358553794,2.0
1.86055628578,3.06304172795,1.0
-0.236398628858,2.32266171021,1.0
1.35955912567,-0.428759930664,2.0
-0.371187045101,3.7666774387,1.0
0.108458752952,3.06656036655,1.0
2.04104677486,-3.49512265051,2.0
0.416417551457,4.225109561,1.0
1.35012024737,-2.61782125893,2.0
1.44211410976,-2.17952673876,2.0
-3.6006532558,-6.92041693788,0.0
-2.09929098018,-5.79225498967,0.0
-2.21567757546,-7.43057010106,0.0
-0.0660971322391,2.06754038182,1.0
0.154757025169,3.83982891596,1.0
-1.6548260147,-6.91391132248,0.0
0.684623082067,3.94773955344,1.0
3.57616297288,-2.20540331553,2.0
1.15070921213,1.76477216337,1.0
-2.50183160377,-6.30891321414,0.0
0.93812612292,2.89088011491,1.0
-3.14465638074,-4.69422966839,0.0
0.077328448482,4.73110855192,1.0
1.18167081866,3.29323331224,1.0
-1.90982254535,-4.96094787086,0.0
-2.27323286878,-6.84177974801,0.0
-4.35496275124,-6.57883274811,0.0
1.48158821197,-1.43312036569,2.0
1.88553123093,4.06448360439,1.0
-0.689891353945,2.36243662975,1.0
1.0336505533,3.46963293137,1.0
1.01358491784,2.95568985141,1.0
1.1183225884,2.74355309394,1.0
2.41450371993,2.52740454927,1.0
-3.70546111714,-7.58270661603,0.0
-1.07789293023,3.9646909665,1.0
-1.51121026581,-6.69557553766,0.0
0.0246431682019,-3.30079706568,2.0
-2.0200936249,-4.96900667329,0.0
-0.857910181129,-7.74040975536,0.0
1.74778827813,-2.09283886728,2.0
2.29302973546,4.75213156786,1.0
1.2700489654,-3.25973372797,2.0
-1.30350216026,-6.49420502443,0.0
0.214672544227,3.21327358073,1.0
-0.26073295833,1.16054617365,1.0
-2.72211115352,-7.01082345388,0.0
-3.02804414024,-6.31743324382,0.0
1.69037502797,-2.14629302121,2.0
-0.252682318624,-1.33475129953,2.0
-3.0377448012,-7.44195500583,0.0
-2.87479700323,-5.77245248676,0.0
1.71774737364,-0.248953123133,2.0
-3.24918122476,-6.61608499474,0.0
-2.2799332967,-7.50187149578,0.0
0.235535790776,-2.22815864006,2.0
1.31457864213,3.74960837391,1.0
1.15103086781,-1.39116719392,2.0
-0.30870827497,-0.282718635497,2.0
0.833330210185,0.225784212201,1.0
1.62657028471,-1.89960939465,2.0
-0.508094932022,3.63940417966,1.0
1.67235177845,-2.28506927124,2.0
2.57183266162,-1.97456994919,2.0
2.60580711084,-2.14496769424,2.0
1.78779340559,-3.80957849978,2.0
1.10188827844,4.90426522216,1.0
-2.54310177868,-6.26357874631,0.0
-1.53258695477,-5.90319678168,0.0
-1.37722897768,-6.28175450567,0.0
0.646501885277,3.77308011654,1.0
-1.08714727112,1.12619338352,1.0
1.20342921887,3.32835239559,1.0
-2.43253109268,-6.7986394708,0.0
0.446912085513,-3.68087209978,2.0
1.02595730146,2.99009471145,1.0
1.07281370941,-2.69164955422,2.0
-2.79897957538,-5.56496117635,0.0
-1.12067939209,2.47844933804,1.0
0.161679375877,-0.94719518371,2.0
0.713684671368,2.40718724195,1.0
1.37279015497,-3.50492495236,2.0
1.07165854625,-2.38400349362,2.0
0.628885048853,1.99745362008,1.0
-1.40974647874,3.53521038427,1.0
0.860791858718,1.43647518999,1.0
1.01573664534,-0.337302510082,2.0
0.953779229745,-3.53564533986,2.0
1.03111846425,0.452528329315,2.0
1.48710730434,-2.72949558882,2.0
1.12214448373,-1.63384261601,2.0
-0.128268189642,-5.54620536895,0.0
1.00696981305,-0.655910752819,2.0
1.48303541902,-0.493857824875,2.0
2.5117162198,-2.64712499533,2.0
-2.45834303118,-6.21335958735,0.0
2.0046476078,2.69284236507,1.0
0.889172187157,-1.65258233613,2.0
-2.28024652728,-5.81863452305,0.0
2.15625789635,-2.32560220683,2.0
1.58110605836,-3.60277060092,2.0
2.03537982953,-2.78257836988,2.0
-3.64489421076,-7.85061917416,0.0
1.05685991306,-1.84196938403,2.0
2.87549199705,-1.18842155572,2.0
-3.54382527145,-6.38526336826,0.0
-3.03995413742,-5.69220902934,0.0
0.287536918584,2.14079279348,1.0
-3.09602900893,-7.85423525847,0.0
-0.909711318655,4.4542254855,1.0
-4.33045774527,-6.4512496906,0.0
2.97111293385,-3.658617929,2.0
1.2218343258,-1.45582039254,2.0
-2.96298977976,-5.36615020693,0.0
0.739394074683,-1.1262449165,2.0
-2.40519582001,-3.936891518,0.0
-2.39232121477,-9.03091181681,0.0
0.533369526952,2.54611439772,1.0
-2.25279205313,-4.2945775371,0.0
1.59751435771,-2.96430882995,2.0
-0.720978032004,3.25090660376,1.0
-3.33566672796,-6.11201827512,0.0
-3.4547457286,-6.83013536101,0.0
1.72128277796,-2.5684845917,2.0
0.467568473892,3.46726852102,1.0
-0.666840184083,3.70138867014,1.0
1.80152728192,-2.30265548525,2.0
3.21641165427,-0.116255191738,2.0
0.368821386917,-2.51840693003,2.0
1.46587898336,-1.50270974185,2.0
0.361507270424,2.69640591518,1.0
1.02388784574,4.21833156481,1.0
0.98936962037,-2.63310372738,2.0
1.10369548603,4.68606880913,1.0
0.301089784491,-2.01353029382,2.0
-2.15780371148,-7.23725901693,0.0
-1.83473602008,-7.85974927303,0.0
1.38516145586,2.87775403573,1.0
0.299456564915,2.36538303722,1.0
0.939131192304,3.86528859736,1.0
0.107513168543,2.16164135703,1.0
0.77876540962,2.62866400899,1.0
-1.08540325014,1.84895075438,1.0
2.09421067417,-2.02888471309,2.0
-2.43638766015,-4.98718066977,0.0
0.674285972518,-1.23412939555,2.0
-2.04186483592,-5.4480744757,0.0
0.471977817583,-2.01019623484,2.0
1.10867054174,1.98669569348,1.0
0.404153780993,3.2337801209,1.0
-1.97582214932,0.977416175076,1.0
0.819744266887,-2.15743589699,2.0
2.14454297886,-3.48270822847,2.0
2.29054054609,-1.74978419793,2.0
-1.38468895816,-4.8092589982,0.0
2.5845465631,-3.41365266619,2.0
-1.37371073798,-6.07296441985,0.0
1.53556616403,4.25884922802,1.0
1.57535542834,4.03231554063,1.0
-2.13390595662,-6.55034180092,0.0
0.297193721654,2.49343134364,1.0
-2.54360821792,-6.49333428948,0.0
0.83168797535,2.62950355538,1.0
0.0804829596909,1.79783342455,1.0
0.0223397531266,-0.551093816077,1.0
1.28027947781,1.90852371267,1.0
-1.88711617897,-6.46091481285,0.0
-0.436813871207,2.07468535263,1.0
0.783914902333,-1.89124396854,2.0
-0.49727351506,-1.78423366381,2.0
-3.29978039091,-7.6549017989,0.0
-0.631206809082,-2.3085207305,2.0
-0.439877884832,-2.80377527415,2.0
-2.84646326759,-7.28872074774,0.0
0.671048943406,-2.32969582111,2.0
-2.30511287965,-5.51763676077,0.0
-3.0051172893,-6.63680532514,0.0
-2.82677146663,-7.82812056331,0.0
-2.46855810932,-5.42075401629,0.0
-2.70409732443,-6.15905485231,0.0
-0.0489696935722,1.3180652777,1.0
-1.82468639197,-4.94435129633,0.0
1.26142481533,3.17728786627,1.0
-0.0455431356822,-1.67566125961,2.0
-0.444220294792,4.27064451875,1.0
0.420548352023,0.350768972424,1.0
3.63005694786,-1.16224341494,2.0
0.583269701242,-4.22221785043,2.0
-1.98911744246,-8.33874661725,0.0
-2.40326209043,-5.89309346089,0.0
1.48957062043,-3.05588588463,2.0
-2.81807149391,-7.36627808888,0.0
0.941193470702,2.71670473719,1.0
-2.11804898031,-6.00212487897,0.0
1.34611193499,-0.380606110119,2.0
1.00911781649,2.80034064569,1.0
-2.95120268292,-7.56261492375,0.0
2.64724399336,-2.20378895676,2.0
-3.30041405629,-6.28305363898,0.0
1.53420776934,-1.79752239416,2.0
2.53024320385,2.82953365961,1.0
1.66806494061,2.82841946252,1.0
0.456765940268,-2.61911432305,2.0
-1.76892493883,-5.19787005591,0.0
-3.12629932849,-6.63736712419,0.0
1.23933797691,-2.47899442606,2.0
0.363367330527,2.88578752309,1.0
2.68537420635,-2.83234387158,2.0
0.844320293998,4.26689065891,1.0
0.593161444721,2.50822489161,1.0
2.56409050475,-3.57661046685,2.0
-0.194316916133,-0.980940846047,2.0
-2.50904848535,-5.23719029375,0.0
-4.83987764124,-7.08226387443,0.0
-2.39961200401,-6.4587630543,0.0
-2.6857791734,-7.42288098921,0.0
-3.45467685511,-6.79531284196,0.0
0.711825035899,-1.79506314786,2.0
0.611533282637,-5.21255248573,2.0
-0.741765034998,3.67854602986,1.0
0.256374894218,-2.44349070674,2.0
-4.07539064268,-8.93745729419,0.0
2.14480405189,-0.939481339596,2.0
-2.83167892078,-8.58075979357,0.0
0.213702770543,2.55907431136,1.0
0.505403365616,1.48240173795,1.0
1.67600427489,0.161071411452,2.0
-2.15590835212,-7.5276103638,0.0
1.28072818162,3.64665944587,1.0
0.257323856562,-0.41803512074,2.0
1.72180696133,1.00346063026,1.0
0.615990274386,-3.59563476302,2.0
0.063798925616,4.08104078569,1.0
3.11976527962,3.06049307185,1.0
0.0539263654145,-0.676148502339,2.0
-4.6141933702,-6.37713786293,0.0
-1.39641763886,-7.02402019013,0.0
-3.59053168557,-6.33456321822,0.0
1.50267199213,3.88420170957,1.0
-3.60461364546,-5.82660420741,0.0
1.78798897011,-2.8137355367,2.0
1.61201523578,-1.73927793253,2.0
0.935747265833,-0.489869421644,2.0
0.861279994831,-3.84417133522,2.0
-0.404806716914,3.1262543817,1.0
0.277921099071,-2.42924827459,2.0
1.06428133335,3.64139770282,1.0
-0.952705571947,3.78005897684,1.0
0.328844567962,-0.847880594235,2.0
0.0613884789644,4.22600497071,1.0
1.73960367388,4.54935481879,1.0
1.4696745943,-0.951824683628,2.0
-2.78704169639,-7.82490708788,0.0
-4.6410754069,-6.11965961884,0.0
0.739390187395,-0.833179856203,2.0
-2.60451813121,-8.07051818919,0.0
-2.41014006407,-5.37353441165,0.0
0.122513615538,4.9592864766,1.0
-2.6084904507,-8.11485420549,0.0
0.881369101602,1.71276886641,1.0
0.540302060143,2.59430782239,1.0
-2.93686066103,-6.66054814734,0.0
-0.188744056788,2.09866175654,1.0
1.81113193026,-3.96240098059,2.0
1.11608653294,-3.65633165679,2.0
0.823235559185,-1.73393660519,2.0
0.525428434315,3.26931517643,1.0
0.741159447729,1.85074164843,1.0
-3.54026378325,-7.07228647342,0.0
1.67482528862,-2.64186903628,2.0
1.41485633504,-3.54181294905,2.0
1.69006406423,-1.57311865901,2.0
-3.39708011533,-7.5791464556,0.0
0.703658827861,3.08889343673,1.0
0.775979234496,5.45732512643,1.0
0.632302155402,2.82448650057,1.0
0.28712241412,-1.75891058979,2.0
-2.72958664368,-5.49566670353,0.0
2.1355395266,2.45557680639,1.0
-2.24283457766,-7.20592373239,0.0
-2.55152636292,-6.9602106731,0.0
-2.58590199665,-6.44273841586,0.0
1.1364582972,2.25514508279,1.0
0.951414324315,-2.89231273347,2.0
-2.63818221335,-6.05984048469,0.0
-0.792498302672,1.67876726451,1.0
-0.298146006164,-1.47045045135,2.0
-0.615342765336,-2.957312414,2.0
-1.3674318314,-6.31264582741,0.0
-3.83532594392,-3.2175696375,0.0
2.58426851134,-3.21633108334,2.0
-4.34137751305,-6.0471545071,0.0
1.72039155916,-0.482291155415,2.0
1.32327605796,-0.627440788456,2.0
-2.33252378335,-7.17290366967,0.0
-2.40981489459,-7.05577714026,0.0
-2.18488831258,-4.95305008561,0.0
0.0261425042291,3.64157512466,1.0
1.08963009478,-2.64617214669,2.0
0.772482111299,-1.47203518398,2.0
0.522578710628,2.3376486937,1.0
0.217939765174,3.13935462077,1.0
1.04635557019,-2.02347094076,2.0
1.58594962354,5.00164786264,1.0
1.74015685823,-1.96954566354,2.0
-1.51945125736,-8.68801090963,0.0
0.874044439798,4.28354671677,1.0
-2.0429231487,-5.71029005803,0.0
-1.22518676187,-7.88863937562,0.0
-2.42669772485,-7.48412409975,0.0
0.625807213424,2.81067628263,1.0
0.478007954844,1.86816554523,1.0
-5.70464325032,-5.6173835166,0.0
-2.33530242715,-5.70628386246,0.0
2.16445537288,1.65564039947,1.0
-1.18188522393,2.33912487781,1.0
-1.93020614375,-6.12812977403,0.0
0.17112108048,-2.62690680701,2.0
1.92577202682,-3.50379533383,2.0
-0.20829583329,3.49033752893,1.0
-0.38939480168,4.61045525469,1.0
-2.15909479356,-8.24496012291,0.0
-0.310499543415,3.81416699598,1.0
0.263175390103,1.79663013003,1.0
0.917362524783,4.24511455978,1.0
1.72350622687,-1.61009476512,2.0
1.30864938513,-0.372204605911,1.0
0.0817253846212,-1.86833469697,2.0
1.35094672505,-3.25738256701,2.0
1.69138576886,-1.70628799577,2.0
0.637112839577,-0.986598961603,2.0
-0.649347649243,3.534875632,1.0
0.355022200004,1.89292285407,1.0
1.2027162968,-1.16751889126,2.0
-2.76577603681,-6.01992047626,0.0
-0.257594541869,-6.9701604192,0.0
-1.8021325588,-7.56575684591,0.0
0.251588349686,-1.82645044298,2.0
-3.24880151609,-5.66615934737,0.0
-4.26050812392,-7.47083707698,0.0
-2.90510935195,-6.68764253035,0.0
1.38998781174,-1.40918598579,2.0
-0.0437652027623,-4.74865898727,2.0
0.709587321435,-1.23358080324,2.0
-0.57676245677,1.17011544868,1.0
1.02629263956,2.83274746187,1.0
-1.13273793636,-6.44830048018,0.0
-3.76492558642,-5.64902209568,0.0
-0.569061674839,1.59449162479,1.0
1.98405138004,-2.31607042444,2.0
0.678535779702,-0.847648565791,2.0
1.07235357289,-1.96247044999,2.0
1.4053543483,3.60962337027,1.0
0.662751287654,2.42422467311,1.0
0.352570552306,-2.74671685905,2.0
-1.96480154461,-4.85952071426,0.0
-1.33473608058,3.65465979326,1.0
-0.406858585391,2.68218442794,1.0
1.69314144215,3.46764913176,1.0
1.56210723378,-2.39847875262,2.0
-0.223702038247,-2.43278132142,2.0
-3.35046529017,-7.99861624482,0.0
2.41202682293,-1.59352220943,2.0
-1.08066547523,4.37809865216,1.0
1.97648873767,-0.965886245489,2.0
1.05051481383,-0.81232590559,2.0
-4.33074893656,-6.07742965272,0.0
0.796935857789,2.82633250807,1.0
-4.20492879267,-7.08975281137,0.0
0.321940621345,2.79446816415,1.0
1.33837594702,-1.5167301534,2.0
-0.440019909576,-0.660690200209,2.0
-1.26031214523,3.66076700716,1.0
-0.17001403854,3.49096164594,1.0
-0.684756994133,4.25965021758,1.0
0.772019127527,-1.94246608316,2.0
-0.262675811949,4.44093621871,1.0
-5.13542193194,-5.54764991923,0.0
1.705062865,-0.324191664999,2.0
-0.871503543131,3.16677106922,1.0
2.92296109431,-3.34088490296,2.0
-1.97062276195,-8.05546508353,0.0
-1.29136428505,-5.53506897763,0.0
-2.72904921736,-6.60749475359,0.0
-1.61529130052,-6.65970304585,0.0
1.0065393506,3.53399691157,1.0
-3.28700090103,-6.56662459409,0.0
-0.790777729582,2.24234464757,1.0
-0.497942059454,2.27965341894,1.0
0.942918257437,2.93686863211,1.0
-0.223488309524,3.09459763201,1.0
1.30914267918,-2.13520337758,2.0
1.65613114145,-2.60207743555,2.0
1.53427431596,-1.62447716081,2.0
-5.56568111635,-7.66136333793,0.0
0.524238800481,1.52921853086,1.0
0.856491208643,-2.21653243275,2.0
-1.6786784585,-2.19049200305,2.0
-3.78234872692,-5.31416117106,0.0
1.42802392149,4.03782261454,1.0
1.8254731821,4.04720178831,1.0
1.74355163771,-0.882559187627,2.0
0.590040307259,-2.08441892577,2.0
0.807939712241,-2.78204000005,2.0
1.99805963605,-1.766250531,2.0
-0.554516577124,2.9344249584,1.0
0.580390835705,1.5588719762,1.0
0.192867292163,2.68847748571,1.0
-0.273263199749,4.37380276973,1.0
0.345061977252,3.48982392392,1.0
2.1716637739,-1.76419829065,2.0
0.542293048097,-1.46296495991,2.0
0.0524233780228,-1.55660345727,2.0
-2.36855462376,-6.29054124877,0.0
0.69472980019,-1.89998192214,2.0
-3.47948933368,-8.15030007082,0.0
2.17524733961,-1.1758271292,2.0
0.963187768053,-1.59177443147,2.0
0.7436868031,3.68892272344,1.0
-0.384834064328,3.92494634155,1.0
-2.26186012848,-6.15723377474,0.0
0.690307424973,-2.5871879246,2.0
-3.68247574638,-6.03541057547,0.0
-3.32809496454,-6.21351534916,0.0
0.515379145916,3.54462926808,1.0
2.1833931081,-1.97206189458,2.0
-0.034368550876,-2.25860846991,2.0
1.17261020016,-1.19369058548,2.0
0.770946365653,-1.17345058984,2.0
-2.46310838126,-6.92725384204,0.0
-3.49642408422,-6.25136327843,0.0
1.82615440935,-2.47866594338,2.0
1.12177812436,3.70324397932,1.0
0.981873486902,2.01098963546,1.0
-3.92634557507,-6.21560413049,0.0
0.76828791332,3.74875037013,1.0
1.59683986744,-0.944867153121,2.0
1.19362092057,-3.03861763838,2.0
-0.327834720686,-1.76319344302,2.0
0.00754492078283,-0.892298518935,2.0
-2.44338730105,-4.93530201909,0.0
0.258830708637,-0.842205342254,2.0
0.537037022762,3.03174745101,1.0
0.288404838749,-1.33193561886,2.0
2.28064569075,-3.49380813929,2.0
-1.15177742584,-0.0168553197463,2.0
-2.35521827771,-6.34315588358,0.0
-2.84828180105,-6.84622392916,0.0
-0.2881217965,2.9475517732,1.0
-1.68279857794,-5.59374669905,0.0
1.05247070672,2.78451574383,1.0
0.164829362867,2.23354520887,1.0
-0.964511387951,3.88929134963,1.0
-2.00518793704,-0.542748649931,2.0
0.246257179931,1.95469461645,1.0
-0.25173745697,-0.807921977469,2.0
-0.566272276788,-1.97744525175,2.0
-1.54824094034,-7.49395366502,0.0
1.14432806023,2.09255054412,1.0
-2.98302998587,-6.40066546788,0.0
0.179014356766,-1.37005570153,2.0
0.0364337530901,3.88860738682,1.0
-4.04033691766,-6.81811293852,0.0
-0.238356407264,3.13636936592,1.0
1.2446954892,1.14451077742,1.0
1.38907232738,3.80138578113,1.0
1.92597566304,4.15097302536,1.0
-4.77486946404,-6.1174841827,0.0
1.37794113539,3.37324905827,1.0
-2.88580827229,-8.08904026329,0.0
-2.00334455187,-5.38092641826,0.0
0.130049483793,-2.16887814893,2.0
0.922137071959,3.18535565929,1.0
-0.161091161305,4.61754229939,1.0
1.24005161916,2.63996740062,1.0
0.274839183688,-1.61235999555,2.0
0.629455115864,-2.3932047134,2.0
-1.73283779573,-7.10753510951,0.0
1.59340546041,-0.921680613849,2.0
2.02336353329,-1.88105704226,2.0
0.126758300014,3.65362321585,1.0
-2.11708437449,-6.4404434221,0.0
1.3062851272,-1.40460085336,2.0
1.49560169698,-1.79967561228,2.0
0.672092954259,-2.48396013937,2.0
-1.89626934944,-5.76333971005,0.0
1.55326379961,-0.989996756043,2.0
-1.90572070448,-6.72383885519,0.0
0.631319795629,2.80701876489,1.0
2.54927329144,-1.77913616398,2.0
0.264939411889,3.97948163578,1.0
-0.730929264705,-6.44446496096,0.0
0.719437938968,-2.08811370155,2.0
-0.948737117857,2.4086024989,1.0
-3.45692700404,-9.43107223384,0.0
-2.8889369618,-7.7696474228,0.0
3.48633920887,-3.09727364327,2.0
-1.93228678853,-6.03839393902,0.0
-2.27220870037,-5.62776080196,0.0
1.48803190673,-0.39270952329,2.0
1.5008479376,-1.63884767199,2.0
3.00271920155,-1.88118917146,2.0
2.60654141807,1.81215956266,1.0
0.249909283149,-2.33719281535,2.0
-0.0659202358394,-1.07620642679,2.0
-0.105037877027,4.55829623453,1.0
0.270358603193,3.42182430295,1.0
-1.46568092039,5.87155495857,1.0
1.30530543766,3.55682108917,1.0
1.57318708994,-1.66060855685,2.0
-2.75782727887,-7.11408663771,0.0
0.323560690863,-2.53520192805,2.0
-0.727641482994,3.00791352047,1.0
-3.34514132445,-6.50149596934,0.0
0.272924306688,-1.80156682752,2.0
-2.73708240338,-6.26001737792,0.0
2.09536455422,3.22278377658,1.0
-0.279793611225,2.37547603028,1.0
1.63272222445,3.71790380649,1.0
1.66855236162,3.28502505751,1.0
-1.08390734712,-6.7827428674,0.0
0.438473281784,-1.64099770124,2.0
1.89390376422,2.83794027398,1.0
1.00361531172,2.9734208877,1.0
1.8540278246,3.16313161432,1.0
0.170129769481,3.19381754442,1.0
-0.0801823986803,1.21947270178,1.0
3.4041067493,3.49844717821,1.0
-0.435177533483,2.77225414999,1.0
1.03717111735,-1.87481577348,2.0
-1.16727955007,-7.72439838142,0.0
1.47238731873,-0.123673691482,2.0
-3.2859125667,-6.39023676596,0.0
-2.49864958462,-8.41211802531,0.0
1.38396717682,2.64767033616,1.0
-3.89851244782,-6.97577625658,0.0
0.346853113554,2.65995666496,1.0
1.49226420026,-0.889173880667,2.0
0.0276009189421,4.27531588541,1.0
1.82636017841,-2.43682492941,2.0
-0.12461030319,-0.204917949803,1.0
-0.348963194721,-3.22194652214,2.0
-3.38478526786,-7.614994772,0.0
0.55514437066,4.12878851084,1.0
1.39628452806,-2.03417708933,2.0
1.61492090652,-0.657356471875,2.0
-3.47121360327,-6.79920788963,0.0
-2.37002454708,-6.14033754618,0.0
-1.20404572591,1.63186456644,1.0
-1.52617799344,-7.09390743929,0.0
-1.00137842068,3.45093290568,1.0
-0.0689001918726,3.93751855183,1.0
-1.48135265507,-6.192704813,0.0
0.571453672127,3.68286900126,1.0
-2.51733569383,-6.87402623932,0.0
-3.16527578994,-5.26490324672,0.0
-2.14689702783,-5.72329473844,0.0
-2.10916068587,-3.98083748586,0.0
2.79752398285,-3.13270568341,2.0
0.914271296362,0.219941246146,2.0
1.02233205503,-2.78769920393,2.0
-3.42395631786,-6.7432835111,0.0
-4.02520344425,-4.42134215006,0.0
0.867681536015,4.56052784599,1.0
0.678225752377,1.49320597089,1.0
2.3910756368,-2.6526391953,2.0
-2.73769946569,-7.8405591856,0.0
-1.82397198262,-6.56677267518,0.0
1.33339902788,-4.05414517973,2.0
-0.179160933056,-1.63069859002,2.0
0.166329435373,3.12690861397,1.0
-0.291722097715,4.0417588146,1.0
-1.93288988301,-6.44508751917,0.0
-0.146104773249,-1.95828537689,2.0
-2.42163840451,-4.83581158997,0.0
1.32414002739,2.30799487501,1.0
-2.6271262255,-7.30043796849,0.0
-0.979926601197,3.06565796889,1.0
1.53914761821,-0.747982714622,2.0
0.409260275055,1.52920930059,1.0
0.122676392506,1.41093591419,1.0
-3.44173917985,-7.67731517137,0.0
-3.51593165912,-5.22170245513,0.0
-3.31103828912,-6.25125074001,0.0
-0.282870490416,0.879831503706,1.0
-2.40555414821,-6.80070900774,0.0
-4.35639989173,-6.22597990859,0.0
-1.22670304531,-5.23935475105,0.0
1.56302024737,-0.0893968298697,2.0
0.747720023295,-0.195482485225,2.0
0.680669595881,2.73276846832,1.0
-1.94827650031,-6.66727593066,0.0
0.172830006905,3.4477663642,1.0
1.40370562722,-1.53935479401,2.0
-3.36062079,-6.2024136391,0.0
0.525750723909,-2.10945499206,2.0
1.11717161957,-1.34004161889,2.0
-2.51563360163,-6.64475313611,0.0
-3.38038643044,-7.76971122919,0.0
-1.76102317526,-5.05237181755,0.0
-3.84919171802,-5.08466635923,0.0
2.20202210636,2.04125098216,1.0
-1.04583277837,-7.45884489851,0.0
-3.11444890063,-6.49643373099,0.0
0.841886716279,-0.738467382781,2.0
-2.04079663616,-5.25728996273,0.0
1.08787430929,-1.23652921172,2.0
-2.277810019,-8.09857446306,0.0
2.00568404011,-1.16848334035,2.0
0.745162297737,2.22860738701,1.0
0.216458825992,-1.90871720865,2.0
0.487733431363,-0.930001353467,2.0
0.156025085779,3.00788395881,1.0
0.816036935261,3.39241466319,1.0
2.4774981593,-2.54121419315,2.0
0.997068548731,-1.67838331208,2.0
1.79604552372,-2.64084763144,2.0
-2.26221190011,-7.01842280689,0.0
1.53956321622,-0.236011646758,2.0
1.78679448228,3.02832669296,1.0
-3.34215857428,-5.65180413927,0.0
-3.26483924672,-5.61843785771,0.0
1.15191628633,-2.95819062485,2.0
1.6199945376,2.79876862676,1.0
-3.37346237119,-7.42342786628,0.0
2.71314974857,4.20789786988,1.0
1.43131023047,3.31889498371,1.0
0.747591975361,2.02928543454,1.0
0.66361200426,-0.72831050428,2.0
2.00600398193,-1.76596005914,2.0
-4.71987189471,-5.04617538906,0.0
-3.10285167072,-6.73525868519,0.0
-2.20217717866,-5.77453303675,0.0
0.841579505518,4.15532432341,1.0
0.987821257632,4.35948328194,1.0
1.34957851465,-1.15149582828,2.0
0.948518680301,2.0343023691,1.0
-1.28487356518,-6.57307941182,0.0
-2.50895081068,-4.88410408421,0.0
-2.54236140886,-6.01313999194,0.0
1.7897549588,1.329434254,1.0
0.279499784192,3.89733758868,1.0
-4.43426833928,-5.16622411469,0.0
-3.51742563756,-5.85434422254,0.0
-1.89518714243,-7.98613078833,0.0
-2.37371075641,-5.32362391258,0.0
1.08163121002,4.40614565324,1.0
1.37561516538,2.32219792773,1.0
-0.767563253507,-3.57124430408,2.0
1.99444391255,2.76209761266,1.0
0.778056442649,-2.58658130829,2.0
0.689500456967,3.61899600693,1.0
0.539020189209,-1.57229613111,2.0
0.353366774786,-2.86416000071,2.0
1.16227836915,-1.82591695863,2.0
-1.59830205843,-7.66551894931,0.0
1.34148176296,-3.44927285412,2.0
-1.84260649831,-4.90463909311,0.0
1.00641251558,-0.263184334191,2.0
1.12465002888,3.09367979396,1.0
-2.49776535291,-5.66657154803,0.0
-1.65178379049,-7.79123688128,0.0
1.20841830415,-2.98066997536,2.0
0.106001073074,-0.864836437019,2.0
0.622744574965,2.48011075702,1.0
-3.81896263218,-8.31842889881,0.0
-0.462060197947,-2.46435559995,2.0
0.709107546797,-1.85570564601,2.0
-2.22055126597,-7.61379630489,0.0
1.00231817679,-1.48650328116,2.0
-2.19248654228,-4.83733635331,0.0
2.96895412546,-1.81608844813,2.0
-3.99462395646,-4.97686096406,0.0
-0.975655455469,-6.93673741579,0.0
1.21371939352,-1.91453937596,2.0
0.909835710118,1.86101461369,1.0
0.579224541408,1.76988045944,1.0
-3.12161955732,-6.87640284316,0.0
-3.48211405954,-8.086988498,0.0
-3.7057766768,-6.37109016004,0.0
1.26581401887,-0.421612048332,2.0
-2.85514431918,-7.75669276427,0.0
-0.449853458315,0.905326794508,1.0
2.49192479043,-2.25799578661,2.0
-0.484621696529,-2.47487461396,2.0
2.2355788333,-3.93093706704,2.0
2.75399547611,-4.45897134457,2.0
2.24191395148,-2.91663304237,2.0
-2.25371704818,-5.61010337424,0.0
-4.4878464734,-7.05179475906,0.0
0.328927352922,2.89317629746,1.0
-1.41744272067,-7.15649702547,0.0
-0.041011601747,1.19244322545,1.0
-3.45923066276,-6.2269308518,0.0
-2.74398889574,-5.75585536481,0.0
0.718806643264,2.93417488819,1.0
0.371202775788,-3.28538392587,2.0
-0.924142202311,2.60174831175,1.0
-2.23895593974,-7.4787765319,0.0
-3.07914016146,-6.82679689631,0.0
1.09234494749,-2.0069982291,2.0
1.88729788127,-1.91189466809,2.0
0.874041032304,2.24675912335,1.0
-0.145412393029,-1.56596350038,2.0
-2.38760013506,3.2214060218,1.0
0.593849002241,1.96310487816,1.0
-1.30999574006,-5.23162145584,0.0
2.76180613955,4.3090094071,1.0
0.774424412557,-0.699153436286,2.0
0.770573668968,-1.86918215806,2.0
-0.306961618465,-2.83257837506,2.0
2.97657046805,-4.0920361077,2.0
1.71387488159,-2.29876707381,2.0
-1.75338905431,-6.36914081847,0.0
-3.19626773935,-7.27116397201,0.0
0.503099613445,-0.901052238491,2.0
-3.66735638939,-6.95430874947,0.0
-2.90516813961,-7.80777817125,0.0
1.94391693337,-2.40766259183,2.0
-0.942047996795,-7.35855567849,0.0
-1.88954554586,-5.86196938799,0.0
0.394251137997,-0.650440402488,2.0
-4.35543737867,-8.71468783352,0.0
-2.80789663561,-5.79553300458,0.0
2.66458035987,-0.854735361851,2.0
-2.17495231453,-7.05285570222,0.0
-0.519712056559,-2.40202031754,2.0
-2.1093101428,-7.82741510394,0.0
-3.5951975896,-7.47711134149,0.0
0.885399096976,4.15486751499,1.0
-2.37888436459,-6.12282131387,0.0
-0.917263054902,-1.53894567576,2.0
-2.20611835719,-6.01848597056,0.0
1.20874533833,2.70106113297,1.0
1.92336768808,-3.51020214269,2.0
-3.97390773356,-7.43054198468,0.0
1.12407950435,2.45197147515,1.0
-3.75360557164,-6.61420714241,0.0
-3.02941345701,-5.22769349662,0.0
1.71292669343,-2.83489388912,2.0
0.432483175203,2.02604026414,1.0
-1.10850650473,3.49768523322,1.0
-3.58249458848,-7.34092901058,0.0
0.664840577333,4.42640181294,1.0
2.32522427215,-2.08819358688,2.0
1.96701219988,0.468588236674,2.0
0.186696140115,-2.32348118426,2.0
0.770231812633,3.4875321866,1.0
-2.78418309478,-4.41161064899,0.0
-3.78915282058,-5.49711466549,0.0
-0.0175873560698,-0.968752926296,2.0
-0.0517461015446,3.29932620434,1.0
1.62969752331,2.63556337142,1.0
-2.22473016338,-6.04653641755,0.0
2.43268488274,-0.425034868674,2.0
2.86718004941,-3.39976570404,2.0
1.18500554685,-1.29403391608,2.0
1.2008686628,-2.69688111267,2.0
0.45193643865,-2.56692367621,2.0
-2.29254871812,-5.14732581894,0.0
0.510515452233,-2.29472764783,2.0
1.56459308224,-3.28430581025,2.0
0.924284570719,3.209236387,1.0
0.919022141912,-0.485083489836,2.0
-0.501410422728,3.00075949061,1.0
-1.92547795175,2.65603954179,1.0
3.03538096632,-1.95534715737,2.0
-0.636174961753,-6.58637480257,0.0
-1.71579254523,-6.64140914623,0.0
-2.16390550427,-6.70748303895,0.0
-2.29990434654,-5.83730840101,0.0
0.809921880508,-0.446607015797,2.0
0.840670960832,-3.34480210355,2.0
0.977840009225,2.05980228538,1.0
0.843840074859,-1.82812641519,2.0
-2.96553824837,-6.1730252336,0.0
-1.09783886209,-6.06121285095,0.0
1.10005768996,3.32740378057,1.0
0.956848634748,-0.0870863284727,2.0
0.620340460071,0.235074285919,1.0
0.773300522314,-1.20347846829,2.0
-2.25970038862,-7.14041114449,0.0
1.19062556271,-0.362302628298,2.0
-3.5299600554,-6.80324583952,0.0
1.13127335217,-3.52340906003,2.0
1.9894642967,-1.40120593893,2.0
0.770808017319,-0.399363992374,2.0
2.65251501844,3.45849442041,1.0
-1.03849974171,2.70770658786,1.0
-3.46544738326,-6.62921107432,0.0
