0.474823190118,-2.44426124087,2.0
0.982194449809,3.10559812388,1.0
1.56537194477,-1.70358215886,2.0
-2.15371456752,-6.45589392925,0.0
1.48508625833,-1.80947527226,2.0
-1.76887842415,-7.74075589804,0.0
-2.64177617456,-8.07850240127,0.0
0.886336510447,1.75600421513,1.0
0.930337023558,-2.15966976134,2.0
-2.12106060445,-6.8224375473,0.0
-2.93220052736,-5.58915002205,0.0
-0.81712739581,3.15760464647,1.0
-2.72901348478,-6.64605699334,0.0
1.07555559436,-4.1833935718,2.0
-0.722712489549,2.72728332042,1.0
-0.37391771395,-1.35045336522,2.0
0.886674666489,0.0978654750275,1.0
3.02244100376,-2.06698390862,2.0
-2.19671287716,-5.91821083056,0.0
-3.60148910463,-5.53338408147,0.0
1.14155800417,-1.75851005571,2.0
-3.35082426197,-5.28708813018,0.0
-2.61707179733,-6.01301472512,0.0
0.974751059472,4.32309838637,1.0
0.295562296011,3.31417472205,1.0
1.02893004472,2.67492969078,1.0
0.110796058863,4.24721227675,1.0
-3.17115551568,-4.45658275174,0.0
-2.64556744803,-5.80692079471,0.0
0.991109307119,-1.91151692622,2.0
0.641393535276,2.23747752624,1.0
-3.46803623042,-5.54679983063,0.0
1.77249637966,3.39681328044,1.0
-0.917477911407,-6.73556279629,0.0
-4.06644599694,-5.52265709873,0.0
-3.55053842045,-6.05381792573,0.0
-3.19160654108,-6.38975442591,0.0
-2.42079991558,-5.53885871901,0.0
-2.32738397842,-4.82866710973,0.0
-1.52710019555,-6.87653143628,0.0
1.52687606106,1.3592793201,1.0
-3.09308976158,-6.06540275202,0.0
0.961073472622,5.57617593187,1.0
1.16705607513,-0.504498295308,2.0
-0.335578913125,-2.08907871334,2.0
-3.46758720989,-6.09869340255,0.0
0.234832832717,3.74240028539,1.0
2.56825745087,-2.33386606946,2.0
-2.7012729258,-6.35400828981,0.0
-2.07697868548,-6.13113952553,0.0
1.78414392544,-2.86030164483,2.0
-3.01329191742,-6.09432396038,0.0
-2.65452557987,-6.49215206777,0.0
-2.68401833572,-5.61560489594,0.0
2.29525639568,-2.53099407696,2.0
-1.26211020648,-6.18160937717,0.0
-2.07753761745,-6.95125867224,0.0
0.576771894799,2.80912246389,1.0
1.40228142451,-0.865450847942,2.0
2.56068897696,-2.62353337979,2.0
1.20060841694,4.34459580962,1.0
0.529320283336,-0.234892418801,2.0
-0.194372180294,2.35175910225,1.0
1.82972083262,-1.12382081837,2.0
0.955979768997,1.47308908589,1.0
-1.05899255108,-6.26397244304,0.0
-3.58479372843,-6.60139791808,0.0
-2.97128889455,-6.14737200054,0.0
0.935331519482,4.63906707958,1.0
-1.97279656273,-6.25994175346,0.0
-2.35915088122,-7.778449336,0.0
-2.24762848294,-6.75484489922,0.0
1.11338622868,-3.31463726742,2.0
1.32548586049,2.18535429458,1.0
2.54940443997,2.70899400712,1.0
-2.44598903508,-6.74807578417,0.0
1.36552642897,2.21082988052,1.0
2.09197450174,3.41842798277,1.0
-2.88094325795,-6.94522967445,0.0
-3.02940793876,-5.89127917834,0.0
1.88381074229,2.64286977319,1.0
-1.78836159915,-5.7000482015,0.0
0.501000334139,5.76834704344,1.0
1.80837869597,2.46582492897,1.0
1.93099857863,-0.259678401402,2.0
0.821269984227,2.3848221381,1.0
-2.6739363066,-5.49737861531,0.0
-0.481687461833,2.73262433058,1.0
-3.76620666108,-7.80857549738,0.0
1.11411836527,-2.21944692773,2.0
2.09448774402,-2.68774731847,2.0
-2.51542681442,-7.01685247118,0.0
-3.26543749787,-6.10728301884,0.0
-1.68295821667,-5.52987580816,0.0
-1.81670965241,-6.91404540257,0.0
-2.4282971079,-6.16966294614,0.0
-0.233881955282,0.914233783116,1.0
0.74706482619,-2.8718035055,2.0
-1.7077449939,-7.58921410178,0.0
1.23414533215,4.2351720005,1.0
-2.56758984449,-7.05049998747,0.0
2.03954118436,-1.73226307281,2.0
-2.58131964929,-5.64596664204,0.0
0.770301639345,2.64968698271,1.0
-3.15559573707,-6.1993151383,0.0
-2.18944328338,-6.27316195735,0.0
1.3328931853,2.1784879514,1.0
-2.46740440799,-7.30427364652,0.0
1.32511795136,2.32425867255,1.0
1.38299945578,-1.74364600957,2.0
0.670693340434,2.40683589511,1.0
-2.64979673912,-6.52422561756,0.0
2.1000593873,-2.29859450128,2.0
0.507941021293,1.38071358264,1.0
1.56056159402,1.63537183086,1.0
1.1209093146,2.99725330773,1.0
-2.47346866854,-6.09578143282,0.0
-0.747881684812,-0.0785811779904,2.0
0.0365843667126,-2.59618254155,2.0
-3.13325640769,-5.32471222476,0.0
1.49249291239,-1.92557971164,2.0
1.23204632832,4.82421333344,1.0
-1.9152535691,2.69710064006,1.0
0.63612024588,3.23256773836,1.0
-0.468735142839,-0.319874608181,2.0
-1.779720785,4.04053589515,1.0
0.825964353375,-3.34889039517,2.0
2.23771927306,3.62280849697,1.0
2.49217705017,2.64755087608,1.0
-0.00558151142033,2.34290777902,1.0
-1.19567573842,-8.14264147802,0.0
0.830892401956,-1.99997796849,2.0
-1.62775532639,-8.31255023614,0.0
-1.15473414163,1.96470655812,1.0
-1.25660958384,-6.39889968668,0.0
1.44883740104,3.95491228218,1.0
-2.45888805365,-6.6995974639,0.0
2.34469223593,-2.01645825865,2.0
0.254959750231,2.95230954912,1.0
0.427365656137,3.16162349512,1.0
0.321597006727,1.86829095783,1.0
0.247273627652,0.0865815967445,1.0
2.42773873221,4.1292035664,1.0
-3.37221609714,-7.5793549017,0.0
0.390276072368,2.52641847024,1.0
-0.28014925187,3.26965015814,1.0
2.29830550824,2.82953577746,1.0
1.07879810002,2.66818166105,1.0
0.673756111557,3.42491230555,1.0
1.0459456903,-2.58319540392,2.0
1.83183334529,2.88201493919,1.0
1.19075374374,-1.92406284407,2.0
1.79123293471,3.75243156536,1.0
1.57806951426,-2.45224023079,2.0
1.09217666105,-2.7543805733,2.0
1.09684856309,-1.47117573982,2.0
1.32804296108,-0.674273737339,2.0
-2.03223113074,-6.22912145361,0.0
-3.82883461798,-6.77568617029,0.0
2.15590503346,-0.624678176987,2.0
0.898951961557,-0.116742639231,2.0
-0.0781821981014,-1.23579752265,2.0
1.8912492415,-2.81131109707,2.0
1.08323110236,4.45162539095,1.0
1.68259320938,4.1634760798,1.0
-2.12219950184,-6.64834818854,0.0
0.646643945845,-1.28440179068,2.0
0.378142631244,1.02567127111,1.0
0.0587509043083,-1.43120589105,2.0
-0.844285041331,3.89424315537,1.0
1.70778059271,3.26547020276,1.0
1.06770326629,3.89036890178,1.0
-0.719293651286,-6.17687951244,0.0
1.38724044229,-1.39273675572,2.0
-1.72591936991,-6.90278608423,0.0
2.00838864562,2.44778617767,1.0
1.11420893056,4.09110425719,1.0
2.53454523945,-2.845766223,2.0
0.600577711177,-1.28979285809,2.0
0.861320606666,-1.60958131849,2.0
0.582273850319,3.07008902042,1.0
-3.21243259882,-6.81535789346,0.0
-2.18611344718,-6.72072979303,0.0
1.25230728345,-3.00327541948,2.0
-1.68812957449,-6.76373247654,0.0
1.6084240136,-2.72148308483,2.0
0.0504513644715,4.07746039615,1.0
-2.08375988442,-7.16522975748,0.0
-3.07461368395,-7.42191664099,0.0
-1.30072944589,-5.78134432415,0.0
-3.34128735585,-6.0666400462,0.0
-2.2422817351,-7.24889786252,0.0
1.90822067393,2.08640997899,1.0
0.595912535054,3.2924511823,1.0
-4.84477929038,-7.21598243494,0.0
-0.463278408705,-2.21587070267,2.0
-0.403254930699,2.91542525736,1.0
-2.86068181622,-6.60016358135,0.0
-2.66424600163,-7.02663611783,0.0
1.17638289734,2.37068092891,1.0
1.98737379177,3.52490646107,1.0
1.04707772737,2.99046182516,1.0
-2.68839516832,-7.18933516819,0.0
-1.71021559508,-8.32309501036,0.0
1.44775959915,-1.57747046317,2.0
1.85599208998,2.27502874341,1.0
1.43132968997,1.57443456415,1.0
-2.14364016206,-6.58775037237,0.0
0.976464630271,-2.64196992444,2.0
-0.107708481791,0.644986673831,1.0
-3.39262468139,-5.68286473453,0.0
2.00910390663,-0.908099461137,2.0
-1.56026897778,-6.33198724585,0.0
1.48816974046,2.54446046818,1.0
1.96466287337,1.75622816346,1.0
0.453445697395,-0.868364598376,2.0
1.63034192416,-0.784623965785,2.0
0.212175195133,-1.93943931217,2.0
-1.59899274936,-4.74194008654,0.0
-2.03575630799,-5.8254946004,0.0
1.12333143194,-2.16070712316,2.0
-3.86062720379,-7.46350656732,0.0
-3.31025016396,-6.80359516407,0.0
-2.77119663057,-5.53640857195,0.0
-3.10317682644,-7.12482633783,0.0
0.352635025712,-0.0757889822948,2.0
-0.694682627408,-2.43838736198,2.0
-3.07114310341,-8.66968799298,0.0
-0.897638698719,4.99322130373,1.0
1.88736278343,-1.16298306344,2.0
-4.2561409975,-8.39047199448,0.0
-0.934094145309,4.37155046384,1.0
-1.46468381383,3.23648607799,1.0
-1.07701481179,1.54303027468,1.0
1.89677533869,-2.8989564055,2.0
1.25754456566,-0.290226013542,2.0
1.38430532372,-1.08362415675,2.0
-3.75313927434,-6.42610032241,0.0
-2.96011711159,-6.9800970959,0.0
0.24672399,-1.70488749928,2.0
1.42473693377,-1.47037530077,2.0
-4.72661511081,-7.50526739695,0.0
0.886275005302,-2.5780087354,2.0
-0.854538380942,1.51782218155,1.0
2.15849666214,-1.51160905635,2.0
0.209283732433,-0.319362391416,2.0
0.237334416495,1.56900562328,1.0
-1.04786195839,2.94856771341,1.0
-1.7705787209,-5.93796029936,0.0
2.33269006217,5.35412505715,1.0
-1.33868169346,-7.42580114106,0.0
0.942169626807,-2.10352714097,2.0
0.605865590965,-0.526203741422,2.0
-0.383919701479,-1.91577622693,2.0
-1.74335146204,-6.91815955007,0.0
2.02207886661,-2.01869805022,2.0
0.556432860121,-2.02560532284,2.0
2.77407032148,-2.76937505791,2.0
2.66047543564,3.57296375312,1.0
0.875096859594,2.59534391467,1.0
1.42011632252,4.01207283563,1.0
1.86306082306,-2.87412871125,2.0
2.29736811918,-1.34962234403,2.0
2.29158818159,-3.37925253851,2.0
0.263490094031,2.83813452661,1.0
0.540820240746,4.11176120656,1.0
-0.133320112483,-2.41531125505,2.0
0.766992920098,3.53380065386,1.0
-0.320359161256,3.47520165557,1.0
-1.55386015391,-5.92850090018,0.0
0.186372015696,4.26326932933,1.0
1.28823209366,2.14935310937,1.0
1.12144198829,-1.17534072791,2.0
1.53112301294,-2.18424321729,2.0
1.63098259642,-0.702919527089,2.0
2.80822616681,3.01271300656,1.0
-3.61704549331,-8.05523193266,0.0
0.425246823308,-2.69305215047,2.0
1.53084526655,-1.87316888723,2.0
-3.70703957682,-7.99804870695,0.0
-0.0323506516872,3.05028490227,1.0
1.61293146948,-2.56040490392,2.0
0.239739336226,-0.968994624362,2.0
-0.811349723576,-0.739174254992,2.0
-3.70890370231,-6.49406673486,0.0
-0.587853292339,2.76474273719,1.0
-0.535853169148,3.01095391758,1.0
-0.115313551085,3.48421075289,1.0
-0.442566133108,-3.2439719899,2.0
-3.9236601439,-6.89090406327,0.0
2.63021843007,-0.446952979815,2.0
2.34798165648,-2.73034150781,2.0
0.704185161453,2.76293907822,1.0
-3.38992950088,-6.70916999132,0.0
-2.10466445006,-7.41219755527,0.0
0.689149333713,1.19000290823,1.0
0.0237364554239,-1.25305757084,2.0
-2.49443198825,-5.24867324164,0.0
0.144507164136,-1.89515963857,2.0
-0.36753330037,2.1391177715,1.0
1.02469360661,-2.68349617605,2.0
1.54898153282,3.14004417711,1.0
0.643611127694,-3.38030853925,2.0
2.71594313145,-0.163423261473,2.0
-3.1940553171,-6.19246065855,0.0
-0.719044617891,-7.67085777908,0.0
-3.91589633234,-5.61909074566,0.0
0.114294315183,-2.82930996508,2.0
2.11523040981,2.36787910709,1.0
-0.00408343303431,3.4875668842,1.0
1.39971680971,2.50827435432,1.0
0.767584661264,-1.89850073008,2.0
1.13867576185,3.52123175703,1.0
1.00203590185,-3.16741670479,2.0
0.729252660066,-3.06450454169,2.0
1.14440130402,0.3332585968,1.0
0.963105476974,3.85191722841,1.0
-0.285577877838,-2.68693869677,2.0
1.86448633354,-1.53126115607,2.0
-1.46257080409,-8.57314407339,0.0
-2.89197286514,-4.5748594968,0.0
-2.61784771694,-7.47826020681,0.0
0.113101974132,3.31556554577,1.0
1.63152704937,3.5855105122,1.0
-1.52590949943,-7.47520856445,0.0
0.481425726176,3.87498438291,1.0
0.793613834166,3.75410915089,1.0
1.1144014451,-4.35471344995,2.0
-1.39260777492,-6.9056721171,0.0
-1.02844554705,-3.12449825747,2.0
1.78981383774,2.7846684378,1.0
1.57175394078,2.82882420532,1.0
-0.84636102644,3.67459742764,1.0
-3.44474157397,-5.79357713039,0.0
1.01810406797,-0.242493504611,2.0
-1.06451437908,-6.19875676307,0.0
-4.01672341936,-6.4178837944,0.0
0.396726336318,-2.66490097107,2.0
1.26597521958,3.13674866115,1.0
1.67425988949,4.41411417938,1.0
0.74858439578,-0.525916998466,2.0
-0.0684256792075,3.85442257813,1.0
0.227156279307,2.40733647183,1.0
0.202839472191,1.42504715334,1.0
-1.119572858,-0.5807082207,2.0
-0.382908479217,-2.30315831803,2.0
-0.369564838641,-2.0965039321,2.0
-3.69597478044,-6.38899964968,0.0
-0.0167281589891,-0.952282693895,2.0
1.6690199205,3.20723332669,1.0
2.98447538843,-2.11080894537,2.0
-3.54208357,-7.72551623684,0.0
-3.38576488477,-5.77935962901,0.0
-3.14651928394,-6.95988161226,0.0
0.579056691062,2.7938148589,1.0
0.0203046122261,2.50315950378,1.0
-1.48033657785,-6.47460793584,0.0
-4.02068381876,-6.03969762607,0.0
2.42548182644,-3.722757476,2.0
1.80569301989,2.64282096406,1.0
-2.74596291578,-6.74124439251,0.0
0.304994416101,-0.838698417751,2.0
1.68540942599,-2.74384499758,2.0
0.869346814226,-1.65293814235,2.0
-4.41881726006,-7.31443443193,0.0
0.0703868470249,-2.6077776551,2.0
-0.0569146979549,3.54207475482,1.0
-4.32487042916,-7.49000953631,0.0
1.30541767395,1.60628919744,1.0
-0.486277220558,3.3070978157,1.0
0.875049418537,3.3232365377,1.0
0.136461003428,-1.80772304864,2.0
0.887099762817,0.180442567027,1.0
-0.344816893784,3.73752146521,1.0
-1.60339724234,-6.52604397938,0.0
1.49406041745,2.73297035701,1.0
-3.4724913945,-7.96807879363,0.0
-0.532820217042,3.3504160277,1.0
-1.15931137349,-7.31574826032,0.0
0.25038825932,-2.03035481906,2.0
1.57617903944,-2.74627638239,2.0
-2.82772029486,-5.7096679547,0.0
-2.52073139294,-5.37507730593,0.0
-2.16061491017,-5.52952174472,0.0
0.46910252315,-2.71838718275,2.0
-1.21892548734,-4.90512881707,0.0
2.90902429652,3.32280121987,1.0
-0.163897512262,-2.79941673226,2.0
3.35560653923,-2.55968004444,2.0
-2.38220195904,-5.79212445177,0.0
0.750868688341,1.35808305125,1.0
-2.8540975213,-7.55524923177,0.0
1.41330836449,-1.47803675566,2.0
0.373842873907,-1.14042075631,2.0
-2.12622308983,-5.92384470786,0.0
-3.20883872463,-5.12632278022,0.0
-3.73051329827,-5.75556196956,0.0
1.05209642447,-3.00133765295,2.0
1.64821031577,3.69523392686,1.0
0.0759865854709,3.20359468998,1.0
-3.52500835574,-6.07064763129,0.0
0.158236298364,-0.491778468802,2.0
0.394077530657,2.71683533091,1.0
-4.47572918035,-5.38216579292,0.0
-3.24086296627,-5.56935485252,0.0
1.58550730792,-2.2479574465,2.0
-2.20063008697,-6.11052709011,0.0
0.365521566593,2.19091221621,1.0
-0.0102415870096,3.05209066166,1.0
0.999878987663,3.3950260709,1.0
-2.3275611596,-5.20834814952,0.0
-3.54551657975,-4.95767468912,0.0
2.43640063385,-0.724007543736,2.0
2.49194421832,-3.22908568881,2.0
-1.95286586333,-7.88253044812,0.0
-1.77626276807,-6.00773541896,0.0
1.77702150934,2.17701204298,1.0
-1.79547562916,-6.43169138457,0.0
0.910078688474,-1.79782680262,2.0
1.10444198806,0.560777118385,1.0
-2.03780965502,-6.20250347282,0.0
-1.34037097793,-6.33227297863,0.0
-0.237552554693,3.45450059572,1.0
-0.41815059114,-6.34095126875,0.0
-0.408488219235,2.24966573558,1.0
1.27111670432,3.10788718263,1.0
-2.6485888112,-8.5899594644,0.0
-3.30091082949,2.48581175877,1.0
0.830111814729,3.33819065939,1.0
-2.50478064069,-6.06345451008,0.0
-2.49597372491,-7.39167462237,0.0
0.870031473044,-2.66134159951,2.0
-1.92551843151,-7.07619409343,0.0
-2.28386794887,-6.6899790823,0.0
-2.15827869601,-6.08417465215,0.0
1.0165885653,-1.33061127456,2.0
0.800575838396,3.379555347,1.0
-0.0655410744205,0.481152460215,2.0
-1.85777338165,-9.84006689892,0.0
-2.12719601064,-7.45750100827,0.0
0.310618613717,4.68056771961,1.0
0.562940154988,2.38217015114,1.0
0.740113632812,-1.84929290247,2.0
-2.53553938346,-7.79763789968,0.0
2.08237201212,3.39986584572,1.0
-2.20930722787,-9.18112785455,0.0
2.4366849773,-2.64572517572,2.0
0.5719772071,-3.57603331297,2.0
-0.0366668150485,-3.73468310009,2.0
-2.85147717981,-6.21100692331,0.0
-2.14411088637,-7.00602431819,0.0
-2.65249806522,-5.64987174092,0.0
0.860192207124,-1.56244821546,2.0
1.87811527646,3.98427357157,1.0
-0.575776688126,-6.17794710871,0.0
-0.114895065166,-2.00655279013,2.0
1.3305353349,-1.95311633424,2.0
-1.96291340229,-7.58131987819,0.0
-1.47066964802,-7.20997467508,0.0
3.36811456829,3.69827056927,1.0
1.78016873486,-1.4534135799,2.0
-2.84205421652,-7.44969474396,0.0
-1.20371842874,-5.61948098811,0.0
-1.36503981387,-6.15295168833,0.0
1.30875715319,4.58547582913,1.0
-2.13833113894,-6.01880477557,0.0
-2.71977884186,-9.1679882932,0.0
0.541177153719,-1.83534931878,2.0
-2.71652162123,-5.41321483747,0.0
1.50841597473,2.50160584438,1.0
0.497727153349,3.10101612927,1.0
-2.69942010463,-7.63403077235,0.0
0.353981026794,-2.84141028046,2.0
-3.2755554279,-7.22367413959,0.0
1.25187642395,2.42608781115,1.0
-1.5021081332,2.85288404424,1.0
-1.76148236482,-5.54606676471,0.0
0.0886560746547,3.51425308625,1.0
1.1090198549,-1.51554623914,2.0
-0.619541550742,1.80534031172,1.0
1.52744271628,2.62064194409,1.0
-1.74745581721,-5.42161090279,0.0
0.947884043891,3.41575529761,1.0
-1.02621196905,-5.48048901652,0.0
-0.67727573528,2.0518808702,1.0
-2.85286742722,-6.43838753142,0.0
-0.520134863775,3.05410062517,1.0
-2.57767038034,-7.84635443654,0.0
-0.480807046795,3.08229045061,1.0
0.292093344148,2.73138023838,1.0
0.514715054316,-1.99102644387,2.0
1.01352921761,-2.68126373898,2.0
1.76645603951,-2.62357408528,2.0
-2.94064678671,-6.94279765196,0.0
3.30060987873,3.75616185769,1.0
0.320351040727,-2.60286785095,2.0
-3.60441614021,-5.69114183955,0.0
-2.21140673403,-8.24064555071,0.0
0.671893040478,3.20898488421,1.0
0.912597005619,3.19373942696,1.0
1.88504675799,-4.62926514674,2.0
-0.0233601977155,4.14467967461,1.0
-2.01775457681,-7.25603306119,0.0
0.547545188171,2.93576378548,1.0
0.577750531801,1.89576216127,1.0
3.62492241551,1.42205808319,1.0
1.80213945845,-2.96050312972,2.0
0.61828741655,1.65325039066,1.0
0.556920371007,3.69401813613,1.0
0.777886195369,2.83426251676,1.0
2.90904233451,3.129596481,1.0
-1.60874380827,-6.58053143359,0.0
-0.174736562926,3.82186928208,1.0
1.58765418368,0.526981746889,2.0
-0.436677528108,3.08012619212,1.0
1.18630631211,-1.02277172065,2.0
0.36818748293,2.79917995557,1.0
0.723935597811,-1.06351290618,2.0
-3.89702544074,-7.26200175613,0.0
-4.59792488477,-6.79735989068,0.0
-3.02874756849,-7.70831644171,0.0
0.772013444146,4.36552165087,1.0
0.255916533768,4.77479717523,1.0
-2.73731046723,-7.854719866,0.0
0.719859265216,4.48909286426,1.0
-4.44336468641,-7.94867827287,0.0
-2.65748157837,-7.15543844261,0.0
1.11145905693,3.75734266025,1.0
0.829383642157,-1.78039181464,2.0
2.14302641952,3.75740045916,1.0
-0.200422772685,2.57754205484,1.0
-2.91903278881,-7.07310298486,0.0
-2.66107314989,-7.91514703814,0.0
-0.682433194198,-2.22788562663,2.0
0.984017065241,-3.00637707139,2.0
-0.750585528706,1.50820612545,1.0
0.396568820692,3.06727187979,1.0
-0.140578074905,-2.51192957937,2.0
0.798985365868,3.31403694492,1.0
-0.217722760962,-6.04161481797,0.0
1.72028936008,-2.27560040325,2.0
1.81820016151,3.47476727473,1.0
-4.02152309854,-6.7492758748,0.0
-2.82978791377,-6.87454319198,0.0
0.847164960393,-2.8282350599,2.0
-0.484990261719,-4.82252080017,0.0
1.16328934358,-1.89616434891,2.0
-1.62064226792,-6.07185635948,0.0
-0.253570622995,3.18248158583,1.0
-1.81882268762,-5.94799690272,0.0
1.75052823186,-2.240133101,2.0
-3.27970881,-6.63205866563,0.0
1.02576803003,3.60709459259,1.0
-3.21852321187,-6.70724074386,0.0
0.674011086177,-2.21983549339,2.0
-2.32915043769,-5.29909368993,0.0
0.856834251397,-2.16199754198,2.0
1.61128356673,2.53271255119,1.0
-2.01722105572,-5.89412292013,0.0
-0.739030024576,-2.17395446187,2.0
-3.69223149589,-6.15966968883,0.0
-0.371552363049,-2.12648233758,2.0
1.610047456,-1.10843330045,2.0
1.11051330477,2.36175340588,1.0
-0.337483398256,-0.615743131109,2.0
-4.86401360548,-6.85889554318,0.0
-4.07549002127,-5.89532218654,0.0
3.14983963154,4.7777029319,1.0
-2.4608317281,2.70986243318,1.0
0.40255670017,1.33677833483,1.0
1.96747860901,-2.88307388664,2.0
0.757643430873,4.03144749473,1.0
1.07972199494,-1.18067407163,2.0
-1.44831267311,-6.03271102201,0.0
-3.58720705624,-6.0660429541,0.0
-2.8636401606,-5.76403791133,0.0
-3.35100332348,-6.61053871544,0.0
0.438250249124,3.62751710447,1.0
1.57657095932,2.48517361237,1.0
2.77378242757,-1.89343848627,2.0
1.12912686578,-3.16255571356,2.0
3.09801783422,-2.75073262563,2.0
-2.97669639649,-6.88160684108,0.0
-0.160731492534,-2.97622242641,2.0
0.392859635855,-2.63267589771,2.0
-2.95192356623,-6.33429632223,0.0
1.13212368088,-1.23625089334,2.0
-1.77237729115,-7.0892608663,0.0
-2.20153899457,-7.04380849393,0.0
-2.89469067857,-6.24814122065,0.0
3.83188378695,-2.35402900045,2.0
0.619830471975,3.81393204318,1.0
0.0838334571525,-3.56172129458,2.0
0.101238787975,2.6427413468,1.0
-2.24118574887,-6.55587305919,0.0
1.73264274861,3.86759561127,1.0
0.0515597110286,-2.77404423343,2.0
0.0812759501608,2.84449663748,1.0
0.742213817031,-2.58269391046,2.0
-2.17900648333,-6.87578474331,0.0
0.333304939316,-2.47865836176,2.0
1.02252941354,-1.3973913911,2.0
0.629398282536,-2.51972714144,2.0
-3.6007933041,-8.3393341808,0.0
0.720739431913,2.14930852519,1.0
-3.11432001205,-9.70663508235,0.0
1.51793379897,2.69183441131,1.0
-0.397134325557,-3.2315634754,2.0
3.0995540685,0.790415828667,2.0
-0.782968200616,-1.47238340089,2.0
0.0668680842714,-3.9633026987,2.0
-3.84422073449,-5.85031436955,0.0
-3.56914496753,-6.42996589181,0.0
2.4192243325,4.33877973948,1.0
0.0858687811513,3.16379368667,1.0
0.790008311045,4.11979249324,1.0
0.617223004743,0.906673432139,1.0
0.499357257256,1.82815745302,1.0
0.738779010831,-1.2674667347,2.0
-3.92200016734,-4.80047471974,0.0
0.297930499818,4.83085966131,1.0
-1.99129618731,-5.83050807048,0.0
1.9937646598,1.80642927142,1.0
0.389682790445,3.4895175723,1.0
-3.49507532808,-7.14223588238,0.0
-0.905194520853,2.67448804862,1.0
0.933373424302,-1.75529762274,2.0
0.751305689239,3.32560708273,1.0
2.65025600485,2.88539893773,1.0
-0.783346775168,-3.93047199336,2.0
1.68004467193,-0.926574566582,2.0
-2.82977972911,-5.61928266976,0.0
-1.12210641554,4.62749963709,1.0
-2.54342573015,-6.75711830707,0.0
2.32162418661,2.12603481631,1.0
-2.66473158878,-6.21990820937,0.0
0.230651811721,4.22180562004,1.0
-1.53485747148,-8.96082583722,0.0
-1.74960179662,-5.24490413543,0.0
2.40983221902,0.0836427976118,2.0
-0.548757034125,-6.90162623767,0.0
-0.0563282891999,3.63541162975,1.0
1.07625517064,3.96852735775,1.0
-2.44183435279,-6.90816935022,0.0
0.8703986561,1.79097303718,1.0
0.185349224016,-2.33176550523,2.0
-3.7514828027,-5.73630930516,0.0
0.649941469373,3.87609371249,1.0
-1.47971379326,-6.83234437409,0.0
0.437213553343,1.84805493153,1.0
-1.05737508806,-2.30154872642,2.0
-3.38281720829,-6.12318567041,0.0
1.52970965019,5.19870617099,1.0
-3.87983698835,-6.89382893348,0.0
0.191580313089,3.85755220996,1.0
0.276291320089,-2.61479354647,2.0
-0.144122929283,2.24922442454,1.0
1.82244424157,1.73176223561,1.0
-3.1705762229,-7.7150151115,0.0
0.102792990499,1.6063799686,1.0
-3.52816531999,-5.34719343518,0.0
-2.40147731321,-5.96152730372,0.0
-3.40925049844,-4.46270505248,0.0
0.200805281767,3.47002855811,1.0
-2.68296881777,-5.02496269373,0.0
0.375771320204,-2.41613044955,2.0
-2.70985435536,-6.84427653283,0.0
-5.04754423039,-6.16868151022,0.0
0.799206711718,-1.62818060212,2.0
-1.48638254422,-6.59501796059,0.0
0.494170186119,-1.90882499507,2.0
2.87157234191,-1.86643284155,2.0
0.647795062724,1.84858238732,1.0
0.10545708862,-1.28627467909,2.0
-2.54548449372,-6.57011108938,0.0
0.383296619643,1.09823308987,1.0
-1.86163143831,-7.9679478009,0.0
1.97016968475,-1.06453991954,2.0
-2.63901639837,-6.1350095009,0.0
0.66131652438,4.86274462228,1.0
2.39912928246,-1.39083669626,2.0
-0.964180565141,-4.97996802731,0.0
-1.66052708039,4.42429517864,1.0
-0.788338657724,4.98355181266,1.0
-1.35335543635,-5.25571719477,0.0
-1.73850982871,-6.52573475955,0.0
0.976923636629,-1.8136809213,2.0
0.171657731414,-3.03861026806,2.0
1.19645362352,2.24688570245,1.0
2.12022860817,-1.23800677231,2.0
0.724387240019,2.45896620848,1.0
1.22301200746,2.89331925334,1.0
0.129978230415,3.14379546543,1.0
1.90897485783,-2.03324892131,2.0
-3.47975574766,-4.54815446041,0.0
-3.30522568231,-3.93466775224,0.0
0.866562856661,-0.999863476191,2.0
-0.18994476671,4.30249434628,1.0
-1.85634775232,-5.83171754867,0.0
-2.52923265296,-6.49944947144,0.0
2.08335390899,-2.2884694356,2.0
-2.21228283037,-7.57258993219,0.0
2.46598836876,-1.01255857878,2.0
2.41828137434,-3.51951647321,2.0
1.15518475413,3.47223474081,1.0
0.105175052483,2.65684577048,1.0
-2.91593974257,-3.60988873334,0.0
-0.324163101875,1.89676377688,1.0
1.31683350381,2.93184444881,1.0
1.81046578734,-1.96599542034,2.0
-3.63910579931,-7.52263309314,0.0
1.30661491838,-1.32615847378,2.0
1.06421566906,2.49078080892,1.0
-2.79370083054,-7.67126371484,0.0
1.05812408306,3.3704582642,1.0
0.678106295155,4.79548741279,1.0
-1.71748049657,-8.83950199788,0.0
2.31963829838,2.64077906111,1.0
0.37543749424,-6.22112485076,0.0
1.5343518739,3.44503107198,1.0
-3.45496239239,-6.69922440213,0.0
0.187345439085,0.602008425508,1.0
-2.77726015274,-8.57082935635,0.0
1.66946824942,-2.04644476637,2.0
-1.61495658894,-7.30759069631,0.0
-4.79235579036,-5.37199513426,0.0
0.952893253051,3.04155953872,1.0
1.09245421347,3.11222088066,1.0
-2.83690127426,-5.32893887552,0.0
1.61312129347,2.79011490844,1.0
-0.1024354731,3.33082284639,1.0
-2.99188247805,-6.22582263687,0.0
-1.52361904825,-5.85103390809,0.0
-1.91206101359,-6.63949746376,0.0
-3.14676231317,-4.9619811175,0.0
-3.23175910979,-8.31836762814,0.0
0.616458505354,-0.782131727345,2.0
-0.785932829942,2.73710611869,1.0
-3.78827313027,-8.97887738898,0.0
-2.0825532996,-7.09539957085,0.0
0.393528391028,-0.114520044584,2.0
-4.30683689642,-4.96813965426,0.0
-0.41351630509,-2.96121871193,2.0
0.858663781851,-1.00367621825,2.0
-2.420450152,-7.3166377919,0.0
-1.54675249592,-7.1777157127,0.0
2.29125674564,2.77903038091,1.0
-2.68689469692,-7.06225113473,0.0
2.75192641551,-3.4611579093,2.0
-1.23240184337,-7.27180686717,0.0
1.24531223963,-1.83870740966,2.0
-3.71518867709,-6.93005168155,0.0
-4.11826983818,-6.03020320994,0.0
-0.79444721905,-6.14693264954,0.0
1.58764373338,3.07828581577,1.0
1.37222635537,3.27638276742,1.0
-2.50636012663,-7.18220736851,0.0
0.150672057565,-2.07827737701,2.0
-2.47215519668,-6.74075416584,0.0
-0.163948153249,2.80677292587,1.0
2.21479756344,-2.17486332005,2.0
-2.70366798838,-5.03766660055,0.0
2.26081272403,-2.26247899174,2.0
-0.304636512931,-1.72378044125,2.0
-0.106376816391,3.57745877718,1.0
1.15516481328,-3.49141819426,2.0
1.71911011823,2.6841538351,1.0
-2.22453688332,-5.61365015094,0.0
1.41331494067,4.95441841806,1.0
1.28417081392,4.55114485552,1.0
-0.46265162963,2.02013185252,1.0
0.467262856602,4.74479870776,1.0
-2.59224609581,-5.30009704611,0.0
-0.460612242434,3.57704097264,1.0
1.74614075238,2.1447072207,1.0
1.20969172486,4.22137413156,1.0
-2.92063806196,-9.07455845649,0.0
-1.76187574078,-6.75747179508,0.0
0.37987962744,4.6537142221,1.0
1.49272097779,3.11174361736,1.0
-0.075790701645,3.50856013566,1.0
1.42820696735,-3.16179805439,2.0
2.62518904767,-2.85464532105,2.0
-3.78573530947,-6.68309340348,0.0
0.943861556898,2.02082556469,1.0
2.14468718717,-2.24657048412,2.0
-3.78044206031,-5.7945348252,0.0
0.246406305611,-2.97170471854,2.0
2.05729551676,2.71333061034,1.0
-3.18477875301,-8.30556175007,0.0
-1.26309638963,-6.14242074612,0.0
-0.84262678544,-1.48304656444,2.0
2.80537917977,3.24827410513,1.0
-3.06956970699,-7.57350853953,0.0
1.9121280317,2.81101370464,1.0
-3.33405035268,-5.56782880246,0.0
-0.337183102185,2.76333696548,1.0
0.396242918719,4.20038145638,1.0
2.36193287484,-1.69712927959,2.0
1.61375998544,-2.89669171761,2.0
1.24705167772,-2.98946483949,2.0
-0.405950814127,4.00266167277,1.0
-3.3342751275,-5.83221619766,0.0
0.582538662139,-2.29204245877,2.0
0.373624535213,2.94384026038,1.0
1.9707976367,-3.02099577394,2.0
-2.6797506319,-7.91295270465,0.0
1.0767746454,-2.13180554679,2.0
0.77284653553,-1.66381956384,2.0
-4.21031854115,-7.63632222124,0.0
-0.228144783953,-0.643770089789,2.0
0.414795883185,3.25249937427,1.0
1.55601826265,3.26707077639,1.0
-2.13448008993,-5.45160290972,0.0
0.115243477399,-4.43296221799,2.0
0.0814060737873,4.34527407343,1.0
0.935712952626,2.78013177888,1.0
-4.14396996027,-5.06345817064,0.0
0.105007175907,-1.79556681396,2.0
2.13667506375,-1.6864217135,2.0
0.684826776842,2.945873685,1.0
-2.73099939338,-7.10022955842,0.0
1.01592913595,2.20253537071,1.0
0.656664898633,-0.971222396514,2.0
-2.61477609162,-7.88543157058,0.0
1.79418227517,-1.96863708874,2.0
1.05615748555,-2.63961706007,2.0
-1.57421098497,-7.21071678311,0.0
2.61020445502,-1.94108057839,2.0
-0.723875822001,1.77571751813,1.0
0.511646183915,1.47479672386,1.0
1.05997489978,3.57305596766,1.0
1.0936225426,-3.28868973496,2.0
0.916416326885,0.190502191066,2.0
0.343082162973,-1.67844133412,2.0
0.501757929898,2.80456591299,1.0
2.86189855862,-2.22998670272,2.0
-2.71064068872,-6.8521709598,0.0
0.990160512138,3.14491387155,1.0
2.29070483558,-1.44377931855,2.0
0.202741533213,4.14140064823,1.0
-3.05031398571,-6.39924435997,0.0
-0.433705915311,1.64563716638,1.0
-3.19335895307,-6.15964426166,0.0
1.43633270409,-3.45636499665,2.0
-0.0784462375525,3.39733626522,1.0
-1.76942948159,-4.88630957753,0.0
1.59118958309,-1.28411799126,2.0
-3.1790918412,-6.28775834818,0.0
0.102086283827,-6.71762587196,0.0
0.0200376490039,3.31164920057,1.0
-2.17554496611,-6.68492536432,0.0
2.34843518013,4.41859086348,1.0
0.268470697054,-1.15558179834,2.0
0.932431878245,-0.509806904321,2.0
-4.22526512389,-6.21091507178,0.0
-2.57122095849,-8.67450893839,0.0
-2.89408741672,-5.82231892139,0.0
1.9542562588,2.63864291085,1.0
2.47668240485,-2.17093211494,2.0
0.274290323724,1.95057956031,1.0
-4.11585184439,-8.31878349657,0.0
1.02766600879,-1.08536063225,2.0
0.538079815041,-2.21338774659,2.0
-0.776823802339,-1.66543639507,2.0
-0.738770861118,0.738279481337,2.0
0.185258877478,-0.950242754722,2.0
1.47198877467,-2.55111837016,2.0
1.38439229327,4.75598160137,1.0
-3.88695598011,-7.20795951135,0.0
-0.0365469376865,-6.79247813298,0.0
-3.94668007356,-7.08963091859,0.0
-2.81800363652,-5.91649726188,0.0
2.37599435382,-0.907277770715,2.0
-0.605241636661,2.21590501851,1.0
0.171031660958,3.99538329042,1.0
-4.35926865728,-7.35579409454,0.0
2.35639876005,4.56690888904,1.0
0.0980717566493,-2.06990157502,2.0
2.2670838746,-0.360164709622,2.0
-3.3204809339,-6.42268761098,0.0
0.242508892479,1.53041207643,1.0
-2.09446866987,-6.0855095066,0.0
-3.29894255802,-6.07536643169,0.0
2.24076674192,-3.54465848653,2.0
0.18378873563,3.66079756359,1.0
-3.33987393,-6.00804487241,0.0
-0.585567187538,3.23613254616,1.0
-0.463230249239,-1.56670925998,2.0
-3.97539550546,-6.0337094303,0.0
2.56544900171,2.62343013217,1.0
1.64954345141,2.98436161786,1.0
2.42133630495,3.22310295708,1.0
2.65584697363,3.7810582386,1.0
-0.440416253211,2.27705950235,1.0
-0.618470372516,3.06411429197,1.0
-1.16006974931,-0.276038763495,2.0
1.15460975394,0.996481379827,1.0
0.086451108708,-2.00593697555,2.0
0.582773378394,-2.66617617892,2.0
0.772831431131,-1.93232701612,2.0
0.138145424037,-3.81458533352,2.0
0.518924182183,2.92809321436,1.0
-1.35579195816,1.28052858454,1.0
-3.7783036772,-7.44500504579,0.0
1.6478555892,0.0460010505823,2.0
0.0115166283757,-1.5178283263,2.0
-2.12929150248,-5.67391480598,0.0
-2.28505340085,-6.30394724397,0.0
1.26304553675,-2.39943447147,2.0
-1.02757176131,-6.88196613522,0.0
-2.12747424962,-5.7286028135,0.0
0.585994422067,-2.82805167436,2.0
1.36751961283,2.64144788812,1.0
-2.07879692534,-7.28959624324,0.0
-3.68352546408,-9.30260681104,0.0
-0.782574763342,3.68826523668,1.0
0.576602022549,0.353142280124,1.0
-2.45916211399,-7.16853231708,0.0
-1.77979060451,-6.83237917318,0.0
2.32564448386,1.66018498901,1.0
-2.77467309243,-7.06911298639,0.0
-2.27993127519,-6.25649418768,0.0
1.22600476713,-2.59300304655,2.0
1.16320366217,-1.40966027763,2.0
0.186697404369,1.79656791332,1.0
1.66390412594,-0.76274916003,2.0
-3.29987708678,-5.00535175109,0.0
-3.0291621953,-7.02421537696,0.0
1.35001746081,2.73876400709,1.0
1.42323858372,1.73856527494,1.0
1.42670597382,-2.74838491578,2.0
1.5774828553,-2.17758986139,2.0
2.46747081182,-1.72421832114,2.0
-1.64387745371,-1.22076118898,2.0
0.763094585513,3.91493348598,1.0
2.53406179182,-0.0422758847626,2.0
1.1611246904,-0.366546857337,2.0
0.524463676782,-1.42196533418,2.0
-0.599268677645,-7.90899844095,0.0
2.22954155171,-0.605809058658,2.0
-0.242586610282,-6.39740816333,0.0
-5.35876819087,-5.70862603058,0.0
1.8334227479,2.86844557372,1.0
-3.93774977831,-7.27385523293,0.0
2.44017579018,3.52681431941,1.0
0.398350769761,-2.58760428475,2.0
1.42756145206,-2.73758713812,2.0
-2.17642272851,-6.62491260599,0.0
0.677915140664,-1.17242116156,2.0
-1.46494696856,-5.50478678093,0.0
-1.20763426362,4.41360735225,1.0
0.395306339374,3.2612303829,1.0
1.16430679497,-0.53217749727,2.0
0.482849723708,4.67104051201,1.0
-2.13086304958,1.45514572159,1.0
-0.059969526438,-3.22257091461,2.0
0.316052952108,3.93232387802,1.0
0.570871704124,3.24011638869,1.0
-0.63867622834,-1.00317727505,2.0
0.644921214753,0.607775073605,2.0
0.975170080536,2.20610093372,1.0
-1.88691941809,-6.97592776263,0.0
0.181591920667,1.96910933681,1.0
1.88502581075,-1.3003705926,2.0
1.00537232362,2.80025845666,1.0
-4.34028518889,-6.02195760983,0.0
0.448909099398,3.21868051766,1.0
-2.29785381902,-1.00454760132,2.0
1.59653668149,2.84794078624,1.0
-0.639141895652,-1.02251515302,2.0
0.269749981337,2.74973385881,1.0
1.22655499035,-2.84848658267,2.0
2.23041949694,3.09932762037,1.0
0.0936153709173,-3.05797777262,2.0
-3.26303059201,-7.77847787076,0.0
-2.55155000081,-6.21233531232,0.0
-1.49829517029,-6.99555235057,0.0
0.76390694969,-1.56992504417,2.0
-3.80344497423,-5.68640377686,0.0
0.319692434397,-2.37103512673,2.0
-0.805136436529,4.39119220957,1.0
0.910840123986,3.66640399364,1.0
1.22329849268,-0.172490632567,2.0
-0.580156312181,1.85152988563,1.0
1.67741147954,2.20516164636,1.0
2.63003978267,-3.37675772446,2.0
0.955945715908,3.80520839553,1.0
1.04361109777,2.79393644229,1.0
1.31956014232,2.42842050161,1.0
1.11013476935,4.71279803878,1.0
0.697917450717,3.77489259493,1.0
-2.50227721595,-5.75647564042,0.0
-1.69815816971,-6.6590036304,0.0
0.831615991468,-1.44046858577,2.0
-1.34592482087,-7.97191258291,0.0
0.569715370174,2.24059132292,1.0
-3.20362519344,-9.29389974533,0.0
-1.08414013191,3.85982476978,1.0
0.812392331943,1.78113147532,1.0
-0.202934424936,-2.09636309389,2.0
2.19600097852,-0.230485476469,2.0
1.57683897343,3.65143019221,1.0
-2.69801665016,-6.09547981744,0.0
1.61317181732,3.07568356983,1.0
-3.31388949777,-5.94660065541,0.0
-2.02411830111,-7.18677098075,0.0
0.237548786272,3.12744367802,1.0
-1.92034457096,-8.22134880543,0.0
-1.81469186395,-7.63196642566,0.0
-3.69886653398,-5.78604784571,0.0
0.685360090303,-1.27020028316,2.0
0.0194576055964,3.54933740546,1.0
-2.15598725277,-5.4695551314,0.0
2.20188351718,3.72527446899,1.0
-1.56517635478,-7.03708806334,0.0
-2.76467658474,-6.31895494626,0.0
-0.13159429001,3.60591106521,1.0
0.791641846595,-1.92475933163,2.0
0.933620905637,-2.74677215372,2.0
0.0484994730147,2.62378533666,1.0
1.7799164407,2.64309568495,1.0
-0.814989158199,-5.30571188684,0.0
1.94725772662,-2.47888907384,2.0
1.44683211716,4.51892794826,1.0
-2.78433074042,-5.67347393583,0.0
-1.35507141225,-5.47384229499,0.0
0.95409293916,-2.22468841636,2.0
0.678981592766,-0.495661388566,2.0
1.1939061384,-2.29421201295,2.0
-2.32754878892,-5.19612132961,0.0
-2.320786024,-6.78328889983,0.0
2.28229818285,-2.47138824985,2.0
1.95752107329,-3.98547553368,2.0
-2.37597492075,-5.69993726816,0.0
2.5618344749,-1.72075203119,2.0
2.94140888509,-2.0119250721,2.0
0.623128078,4.06870764947,1.0
1.70537629244,3.41781042318,1.0
2.62829499036,-0.641439569136,2.0
-1.54422689536,3.22867600099,1.0
0.81696114774,2.46694062256,1.0
0.427128782759,3.72772211363,1.0
-0.00728310170967,3.63542942959,1.0
0.347573986467,3.42243893271,1.0
-0.610941831696,-1.37267672563,2.0
-3.16590364819,-5.40410636207,0.0
-2.49308351148,-7.27742701079,0.0
1.5239434044,1.77067130074,1.0
-2.35002976028,-6.52451563773,0.0
-1.21546733644,1.79299731369,1.0
0.897919764116,-1.50750855967,2.0
2.87772434309,-1.0028473197,2.0
-0.30155753672,-0.50419599189,2.0
1.87774876708,3.96339244178,1.0
-3.72105649483,-6.21262757974,0.0
-2.62493459329,-3.95514829529,0.0
-2.73357086431,-6.92911774028,0.0
-0.466844234451,-1.25563295754,2.0
0.258138229913,4.60888555156,1.0
0.0892339846523,1.73876925544,1.0
1.80638552367,-1.12424592839,2.0
0.0368625228479,-2.18464316157,2.0
1.04041592792,-1.33038645158,2.0
1.43183124224,-0.260569953608,2.0
1.42784966088,3.96573953894,1.0
-2.74932884006,-5.94383176053,0.0
-0.474109686845,3.13533920587,1.0
1.916759413,-2.04205688541,2.0
-0.992900151906,-7.04641589591,0.0
1.46988215735,1.15561917029,1.0
-3.09975630002,-8.46474324934,0.0
-1.98338148918,-8.27057229235,0.0
-0.902099395663,-2.83492566868,2.0
-2.16939139798,-5.49664791986,0.0
-0.714911444286,-3.17698382583,2.0
-2.26682725203,-7.04796880421,0.0
1.31161268178,-3.62238024582,2.0
-1.56835748381,-5.411953248,0.0
2.23316884765,-3.47152472951,2.0
-0.630497531838,1.82622105086,1.0
0.0457765904895,-2.37885909796,2.0
2.08049404131,3.05314516047,1.0
-3.77418232328,-7.68843189761,0.0
2.41550692516,-2.02178251103,2.0
-2.84537802526,-5.42808526807,0.0
-4.24576748331,-5.43017910017,0.0
1.14243622575,-2.16273199004,2.0
2.24752777645,3.12971899012,1.0
-2.3837051588,-7.15349466177,0.0
-2.90652326752,-4.8515806186,0.0
1.3589538909,-1.03092187215,2.0
-3.69066174696,-7.75955751308,0.0
1.0254318324,2.88745534953,1.0
-4.8436575086,-6.19033534516,0.0
0.510444766474,-2.02720430983,2.0
0.154685880734,-2.50772513881,2.0
-2.73487957393,-6.43032493371,0.0
0.803516546783,-2.17815459879,2.0
-3.12165875324,-6.63359465627,0.0
1.03495998685,2.63608348033,1.0
0.864854136822,-2.40870459342,2.0
-4.73551154073,-7.36511053804,0.0
-3.71207573166,-6.18167404221,0.0
-0.467407343766,-1.49511187972,2.0
1.33814823868,-1.63235349786,2.0
-2.88052848146,-7.93442513836,0.0
0.177406556112,3.19255083791,1.0
-3.62399020938,-5.3722707979,0.0
-2.54651022356,-7.37624689014,0.0
-0.793461204225,-0.794853247334,2.0
-0.251924119027,0.705441479503,1.0
-1.38914046061,2.58807963012,1.0
-0.922242364662,-1.72263819549,2.0
-3.62909021057,-7.54645322645,0.0
1.29406333917,-1.72939223317,2.0
0.541743633597,-2.09532894693,2.0
-3.57275797342,-7.6298686411,0.0
1.34049231763,-2.92372366058,2.0
-0.42302242913,1.43924027093,1.0
3.43848835238,-3.86537174268,2.0
1.22731229042,-2.77923602481,2.0
-2.66452800332,-7.33477942764,0.0
1.3540631992,-3.35774594104,2.0
0.532606972969,-2.52657295305,2.0
-1.94060205968,-5.78987098247,0.0
0.000676074979827,-2.88479965543,2.0
-2.48028212688,-6.37012481069,0.0
1.52029159984,-0.306830394899,2.0
0.311589079469,-2.27907323758,2.0
1.10734560606,-3.07567885109,2.0
1.91837532018,-0.301506251125,2.0
2.1179048591,-1.02472814238,2.0
-1.47833416425,-6.13297174237,0.0
-1.12749311917,3.99937385609,1.0
1.73619630804,-2.74139534578,2.0
-0.0241930708663,4.48978263177,1.0
0.107843504067,4.25250385393,1.0
-3.67241696163,-7.11055673421,0.0
-2.71369465826,-6.82104333131,0.0
-0.90240731147,4.29755493164,1.0
1.21417502951,-1.01673646996,2.0
1.79885715409,-2.96242903628,2.0
0.723677351719,-1.97955097144,2.0
-0.0281876541277,-7.42378370146,0.0
1.31162494606,-2.23033846398,2.0
1.13919488961,-4.34991418059,2.0
-0.125948849557,-2.77686873431,2.0
2.01616644394,-2.39048699594,2.0
-3.59035033053,-7.4476027099,0.0
-3.3718243789,-5.41028328612,0.0
1.03596577866,-2.77783907596,2.0
2.25320769435,-1.76779225024,2.0
-1.9910943161,-4.76895574747,0.0
-0.146855701519,1.89375793271,1.0
1.02543959974,-0.929247558429,2.0
1.27767668917,2.61948687983,1.0
-3.72047048893,-4.88127438425,0.0
-0.170871067936,1.8358844844,1.0
0.657951970319,2.67740470291,1.0
-4.36057905592,-5.75171431535,0.0
2.01289480072,-2.03201208302,2.0
1.17648316649,-3.03901571847,2.0
0.699389014946,-1.24108283211,2.0
1.80413512597,-2.85213158301,2.0
0.729751206505,-1.12368695817,2.0
-3.32048967944,-6.76077628874,0.0
1.65802997873,3.62778838249,1.0
1.6812254363,-0.856890233762,2.0
0.444670145165,3.08149767561,1.0
-2.43611357348,-5.4906777367,0.0
0.308203700872,-1.98543744646,2.0
1.59345662048,2.74285401262,1.0
0.231905080764,4.10543552064,1.0
-2.13411005777,-6.83791359846,0.0
-1.42811613926,3.43970112606,1.0
-3.72657447322,-5.71369995288,0.0
-1.85425523282,-7.76663439121,0.0
1.25777827497,1.88897243686,1.0
1.83253435434,-1.52756012843,2.0
-2.52388274229,-5.49552248325,0.0
-3.34964094501,-6.53363428106,0.0
1.2459581685,1.44455240851,1.0
1.47026735,3.43110163008,1.0
1.09953082654,2.36873510861,1.0
-0.538108240918,2.5385604156,1.0
-1.01852772221,-7.72816620199,0.0
0.870076360657,4.0606547213,1.0
-0.999251826496,3.74946853837,1.0
3.06864109464,0.116600285115,2.0
-4.33554405005,-5.84338201313,0.0
1.16394722368,3.57873241539,1.0
0.943500687775,-0.900311455715,2.0
2.26878326242,-1.96559482007,2.0
0.593290175881,0.198885267279,2.0
-2.97445554635,-5.50330182901,0.0
-2.65444223872,-5.47295321114,0.0
0.682684456377,3.19081467108,1.0
1.81491295168,-0.718486206047,2.0
1.2658193327,-1.871220227,2.0
1.67243610218,-0.97632222223,2.0
1.24528880106,2.44888116042,1.0
-2.03069871229,-7.6127303004,0.0
-4.76809729203,-8.13635706424,0.0
-2.81414369153,-5.93824794867,0.0
-2.38840408981,-7.46027270884,0.0
1.39150868535,3.60175936999,1.0
0.173366262818,-1.87762472574,2.0
-2.13109505821,-5.9494018714,0.0
-3.49996116733,-7.76539190568,0.0
1.89639985848,-0.580426542869,2.0
-0.242116071383,-2.29818151322,2.0
1.47103815904,-2.05801952438,2.0
-2.1111738908,-6.26392416733,0.0
-2.67438729011,-5.65432118367,0.0
1.60474778693,3.84339474558,1.0
2.04514381899,2.74033692915,1.0
1.40023058588,-1.68676446959,2.0
0.948062655508,2.07340364838,1.0
0.415900973459,2.84352590793,1.0
0.584093043767,-1.87078633758,2.0
-4.54396343538,-5.36841439507,0.0
0.103061353132,-1.99164560866,2.0
0.313177519587,4.49970324562,1.0
1.87343026895,-2.40959911509,2.0
-1.80200403409,-6.25431098324,0.0
-0.17258013307,2.94102540767,1.0
1.57204615173,-2.16740391493,2.0
-0.870013027339,4.71566032267,1.0
-4.13939173384,-7.09943186072,0.0
0.127835805393,3.28491659775,1.0
-0.937555749201,-5.95558656969,0.0
1.21624948452,2.8531948629,1.0
-2.94019233265,-6.03377680518,0.0
0.705084964885,3.03827702171,1.0
-2.60572681099,-4.18266578362,0.0
0.492385648228,-1.24235276886,2.0
-0.347568658738,-1.98276206067,2.0
-0.0613671889093,2.18331714535,1.0
1.12474870115,3.29966225225,1.0
1.12954747583,1.89322692623,1.0
0.863114339825,2.73972984435,1.0
0.68429283707,-1.04599294564,2.0
0.122284898465,1.74478204762,1.0
-2.11891302237,-7.032142787,0.0
0.775235974631,-2.80841088666,2.0
-0.871096681017,1.07556596701,1.0
-4.24506732252,-8.99362167885,0.0
-2.38915816506,-8.55419658883,0.0
0.630882218773,2.92491633518,1.0
1.21905967726,-2.4523691279,2.0
-0.163850144722,3.37507810544,1.0
-1.81976662342,-6.87826947415,0.0
-2.8655622302,-6.84183213858,0.0
3.11756488179,2.37146259384,1.0
-1.80146162546,-4.45935207905,0.0
-3.58719311437,-6.63261431854,0.0
1.35955728543,-1.74934361941,2.0
-3.10115318233,-5.72197120319,0.0
-0.590650658609,3.02109711748,1.0
-1.5672925026,1.66999967017,1.0
1.7019093781,-1.33914432303,2.0
-0.581426925531,1.84006219644,1.0
-4.14792860872,-4.99765396328,0.0
0.0299183732183,2.33742430257,1.0
-0.325210735249,-1.17104476738,2.0
1.00826085359,2.00691684265,1.0
-0.100876258798,1.68147172205,1.0
-3.52292198526,-6.95396612915,0.0
-3.99014590083,-6.39882728038,0.0
1.12503590607,3.40539700019,1.0
1.79476938081,4.0005130863,1.0
1.17652696988,-1.74815748788,2.0
-2.80008682577,-6.83158906375,0.0
-0.126520887882,-0.962817519016,2.0
-0.407452815895,5.07938253473,1.0
2.81325085066,-1.30675587154,2.0
-1.1311842219,3.76664343181,1.0
1.77540148776,3.13928402339,1.0
1.85697483028,1.78558482148,1.0
1.08118597782,3.73881930703,1.0
-2.70046521257,-6.61914616623,0.0
1.7062913422,3.04860899586,1.0
-0.341072170799,3.69350567212,1.0
-2.23772967007,-8.08833071107,0.0
0.0144994434095,0.570194304517,1.0
-1.70017214189,-6.69450369748,0.0
-0.0080103429883,-2.78683149153,2.0
-3.60798658655,-4.76143004396,0.0
1.8003593689,2.68644482127,1.0
2.16089212187,-2.68168443871,2.0
1.99270687845,-2.10839193505,2.0
0.981394325486,-1.1435540977,2.0
-0.605601301307,1.34900486101,1.0
1.29196840387,-1.99216568107,2.0
0.895523757917,-1.86959316262,2.0
0.811008440504,2.39374132456,1.0
2.65433777049,-2.72889739543,2.0
-1.56843905449,-7.55346710319,0.0
-1.39175570302,2.70771503414,1.0
-4.49027021192,-5.3932213736,0.0
1.53374114109,3.39224894859,1.0
-0.399619605103,-7.11902208754,0.0
1.74603012171,2.35924816482,1.0
0.158654855635,-0.477197623855,2.0
-1.83858828041,-8.14538776025,0.0
1.98845866311,1.06025827038,1.0
-2.26944485941,-7.67193277555,0.0
0.544700504205,4.4320165969,1.0
-2.48058223477,-6.0662985472,0.0
1.5032798196,-0.323263926633,2.0
1.19681927914,-1.53843479138,2.0
1.20899996218,-0.485059706746,2.0
0.949383886605,-1.55687308621,2.0
3.54408556642,-2.52027407682,2.0
-2.35525282452,-7.74745854776,0.0
2.45225662917,3.24312524382,1.0
-1.2831172591,-7.00231664353,0.0
-1.94269337872,-6.2335209736,0.0
-1.98082166757,-5.00233889205,0.0
-2.323760339,-6.79124047236,0.0
-2.95302985232,-5.68792165087,0.0
-3.12731897798,-6.55417622995,0.0
-0.420620111504,3.76848543619,1.0
-3.5653793938,-6.08668009711,0.0
-2.20861821163,-6.78579318178,0.0
-3.2831747348,-4.80370977644,0.0
-2.53555971469,-6.59173429652,0.0
1.63039051327,4.53581418104,1.0
1.27984699038,2.92994902171,1.0
-0.025689303603,4.83597476696,1.0
-0.00503301125506,-2.26099627648,2.0
0.307259613278,-2.21241074573,2.0
-2.26987180508,-4.34199524106,0.0
0.51140154093,1.456935538,1.0
-2.1479797307,-5.69448502544,0.0
-2.00345092858,2.96026426882,1.0
-1.41970030436,-8.5575505984,0.0
1.93697916728,2.06793980327,1.0
0.171274423947,-2.50650461598,2.0
0.744552849934,-1.35415009974,2.0
0.481045492305,2.11199396582,1.0
0.103100259344,2.38087079232,1.0
-0.765446358718,3.30377594534,1.0
1.954606325,-1.06978489835,2.0
-3.55804106158,-6.61240000623,0.0
0.348618339571,0.405638282825,2.0
1.88847375325,-0.696548010748,2.0
2.57737922259,-1.20484955442,2.0
0.364578145665,-2.51361698534,2.0
2.48671925618,-2.55730327817,2.0
-2.34333610756,-5.16209292898,0.0
-2.16005606732,-7.81420204333,0.0
-3.87114824975,-6.68674929165,0.0
2.17736138199,-1.57131363751,2.0
0.394480694365,-2.19114668867,2.0
1.24396519196,5.05064318243,1.0
-0.0121004009904,-1.59070939676,2.0
-2.11029343002,-6.23296675757,0.0
0.656032819166,3.94173328903,1.0
2.07240010034,-2.61799437147,2.0
2.21962564334,-2.47174035905,2.0
1.54249322232,-1.00961149728,2.0
-0.992222110229,-7.25174861743,0.0
-0.980017779191,-5.36381950618,0.0
0.175883946878,-1.7249238283,2.0
0.395679469043,3.811957994,1.0
2.35120849264,-2.05941098063,2.0
-0.78917168633,-2.82640537176,2.0
1.74747661136,3.02014363562,1.0
1.95579349656,-2.34441578519,2.0
2.7604866318,-0.696702719859,2.0
0.211826254933,3.51656297314,1.0
1.86939336885,-2.77795039395,2.0
0.715510867262,-1.73497299145,2.0
1.28533926836,-1.76011364976,2.0
-4.08937207474,-6.3790137215,0.0
0.959610884008,3.35697059345,1.0
-0.00938644832443,3.06418812713,1.0
-3.64264343342,-7.44882905155,0.0
1.93115371055,4.28942550522,1.0
-0.107380966847,-0.660952959424,2.0
0.747396892898,-2.27587418403,2.0
-3.25774049288,-5.7937300501,0.0
0.371140922596,-1.99022113034,2.0
2.34041868728,-3.65209355523,2.0
2.14818529119,2.6514516792,1.0
-3.08178785488,-6.30359602365,0.0
-0.35748487742,-6.88786562109,0.0
0.765021283298,3.22150618514,1.0
-2.94967033978,-6.36541721017,0.0
1.26650300576,-1.13605009317,2.0
3.77292099083,-2.50718593665,2.0
1.92492219605,-1.73128427539,2.0
-3.70129360608,-6.47918857492,0.0
-1.85852195532,-8.26341032685,0.0
0.310961392478,-3.10582273763,2.0
1.77188238073,-1.54832307636,2.0
-4.3005654351,-5.88574746306,0.0
-1.66673234641,-7.39005591758,0.0
0.336337565145,-2.79040284208,2.0
1.32611561099,-2.8517357466,2.0
1.14277702098,0.576698909,1.0
0.244526237233,2.12383007863,1.0
-2.35263072392,-4.77070523533,0.0
2.08111670453,-1.27385911638,2.0
-0.527839443722,-7.14248605253,0.0
1.01427920875,-2.77803204794,2.0
-1.14894106543,-2.32615616005,2.0
-2.83899856438,-6.95501325735,0.0
1.65498520835,-0.801503009529,2.0
1.52742229732,-2.70757312052,2.0
-3.23379626862,-8.4784833812,0.0
2.34012116681,-2.32627061169,2.0
0.170538545764,3.43076920786,1.0
0.191380728004,4.00342728947,1.0
-3.89814882073,-7.03848727696,0.0
0.0326348371124,-2.83253040593,2.0
1.65957376811,-3.12665298681,2.0
-0.187187873236,-0.098726371254,2.0
-3.58428463948,-4.84890574592,0.0
2.7973370924,-2.73616710325,2.0
1.0392532663,2.23793565528,1.0
-0.153635946212,3.59405231244,1.0
0.449023145575,-0.227715420502,2.0
-5.51769695814,-6.71805097618,0.0
0.313350673251,-2.70091635968,2.0
-2.10375222558,-7.76251929368,0.0
-0.22505648125,3.2423026793,1.0
0.418564207746,-1.68215191636,2.0
-1.41411052426,-5.71794150301,0.0
0.598274851253,-2.96495980209,2.0
-2.88452425848,-7.13479295228,0.0
-2.77799622391,-7.07085894267,0.0
2.60509411594,2.4114404,1.0
1.2014534834,3.28650329226,1.0
-3.90541213357,-7.76038153863,0.0
0.872543343043,3.0452986884,1.0
-2.17484704614,-6.82332118581,0.0
-0.0214493800489,2.81065050925,1.0
-0.0539230534016,3.18780751708,1.0
0.253085476548,0.270982651417,1.0
-0.459396940721,2.31307080803,1.0
0.66240192386,-2.66394292719,2.0
-1.5913716334,-7.4947873469,0.0
0.686802382972,1.88242346509,1.0
-2.91590636706,-6.33350171517,0.0
1.66333175326,-2.38518754692,2.0
-3.78494574651,-7.03329634854,0.0
-1.22705947555,-5.22702830165,0.0
-1.05091934893,2.26995144259,1.0
1.20043102782,5.00897340564,1.0
-3.21851210158,-4.72161102969,0.0
2.21400817724,-4.0672704954,2.0
1.28243684499,-3.21577496816,2.0
0.22505718232,2.71856202851,1.0
1.90606596106,-0.990610131464,2.0
0.911423616648,-2.27010595958,2.0
-0.772204695616,-0.773809487071,2.0
-0.213496030175,3.47411832839,1.0
-0.0522407872841,-2.92267406855,2.0
-2.61212456717,-5.86865943025,0.0
-0.329586801069,-2.60079260379,2.0
0.451678356658,-1.91678142583,2.0
-2.22438110672,-5.73395213393,0.0
2.32247963288,-1.83482398494,2.0
0.763025641624,-2.80843044718,2.0
1.86830076041,3.84353793441,1.0
0.0731521148448,1.65852024923,1.0
1.3350807398,-0.474675154964,2.0
-1.26064194587,-7.71707497925,0.0
3.72507756416,-1.12654276831,2.0
2.02102870192,-1.76289140398,2.0
0.47536035475,3.55010927444,1.0
-2.42384568065,-6.30306814854,0.0
0.0280873667981,3.3933683584,1.0
1.55523855966,-1.08864717832,2.0
1.72860569599,-1.6395916295,2.0
-0.0827099983487,3.30555367581,1.0
0.317903379446,2.30440642167,1.0
1.60958875916,2.74397123383,1.0
-1.50158029392,-4.52845832803,0.0
3.39579398429,1.05630312827,2.0
-1.58206643643,-7.05842273913,0.0
1.39720976245,-2.2203354463,2.0
1.27046939936,3.15610835847,1.0
-1.58626360784,-6.92541583558,0.0
1.39139056905,-1.88884637471,2.0
-3.17823927979,-5.94379645076,0.0
-0.835410980779,-0.337543670294,2.0
0.336410947222,4.18648949217,1.0
1.87082000687,4.19008350647,1.0
-1.79044254517,-6.12243479884,0.0
1.59447554548,-0.544998710693,2.0
-2.31581394001,-7.2542924271,0.0
-4.66696979802,-6.20627771676,0.0
-3.37343070556,-8.0409124278,0.0
0.835699403081,-1.64718161168,2.0
1.02705751256,3.54730950759,1.0
-2.75479446521,-5.9614813471,0.0
-0.209945979143,-1.91465038315,2.0
-1.70056363517,-5.11108917705,0.0
-4.55804986652,-7.10076787209,0.0
1.52269472423,3.9152773799,1.0
1.87044653834,0.794880728524,2.0
-0.228212773975,-2.40158078373,2.0
-0.574071537821,4.30858810762,1.0
1.61136037454,1.86380330017,1.0
1.41631778206,0.969545004256,1.0
0.684686156923,-2.0805022292,2.0
-3.91649508723,-9.06598384009,0.0
2.52047396132,-2.02016346006,2.0
1.32069503216,-2.10084127973,2.0
2.28102761847,1.15951305795,1.0
0.357002360188,3.11869427414,1.0
-3.37501768973,-5.34249315485,0.0
1.13961260084,-0.92762082958,2.0
1.5922429959,-3.65691465932,2.0
-3.23496860208,-7.30603390508,0.0
-3.55990371287,-5.74581189487,0.0
0.706259965122,-1.50130280853,2.0
-3.97452664955,-6.66663828402,0.0
1.94882605803,-1.34275149682,2.0
-0.474921754099,2.72074505101,1.0
-3.58082435832,-7.45487634069,0.0
-3.02330897138,-6.85839423594,0.0
-0.539603932334,4.96206946395,1.0
-0.0384688396002,2.0020443642,1.0
2.30905329145,-1.33031491055,2.0
1.19948429565,-3.4064899256,2.0
-0.17944420797,2.46386401574,1.0
2.72209379535,-2.56335865848,2.0
0.0519283112951,-2.23990500586,2.0
-2.15853137873,-7.05090364692,0.0
2.41236702047,3.5245075081,1.0
0.240596626818,-2.38692395127,2.0
0.390299923068,2.55692127639,1.0
2.63498741014,-1.28608050906,2.0
-0.0117092608457,2.58047892557,1.0
1.49643823333,-2.5615519551,2.0
-4.44342796075,-5.76092258306,0.0
-2.53720236914,-6.48264185802,0.0
1.4391627728,-1.53390843353,2.0
1.21497265488,2.26841431154,1.0
1.31760322478,-0.149824277608,2.0
-0.9961496283,1.47784049587,1.0
1.34420442182,2.47560718441,1.0
-3.15815008592,-8.18188847693,0.0
-3.43676791332,-7.4387835566,0.0
-2.37074104907,-6.04072385951,0.0
3.12331695187,-0.845787540734,2.0
-2.47292610782,-5.93621808253,0.0
0.453714169746,-3.73790112718,2.0
0.126112776532,-5.05903402942,0.0
0.327809650568,-3.10843716359,2.0
-0.0363272734681,-2.53151960008,2.0
1.751571423,-0.67521123207,2.0
0.66416195603,2.21895490341,1.0
2.65753606203,-3.37834692648,2.0
-0.475055131552,-1.56874653568,2.0
0.510966700722,-2.31021327403,2.0
-0.484155750682,2.65677449455,1.0
1.58788957668,-2.48813625725,2.0
2.05938687356,-3.36611282051,2.0
-3.36153710162,-6.46226804776,0.0
-3.80779235906,-5.00104694591,0.0
0.050747433806,3.20574823807,1.0
-3.26208566291,-7.82880969706,0.0
-0.0575326948194,-0.423162689547,2.0
1.76887776183,3.03291669198,1.0
0.488109352104,3.2578468239,1.0
1.27783080586,-0.885201276899,2.0
1.30742553226,3.30697077947,1.0
-0.369090082021,-2.99362194263,2.0
-0.223713689108,3.70911269087,1.0
0.568134652695,-2.55450295763,2.0
-1.02962074944,2.06078162557,1.0
0.794124816774,-2.24113565658,2.0
-0.562036462939,2.13570783955,1.0
0.816653166796,-2.80632912328,2.0
-3.29445808838,-6.85279787849,0.0
-0.74253727626,-1.71865511852,2.0
1.67423975981,-2.69341942738,2.0
1.32096990645,-3.37848550357,2.0
2.63884959989,-1.28671113061,2.0
-0.864999894273,-6.90779670552,0.0
-3.93327225165,-4.76335103866,0.0
0.610356972955,3.7366270993,1.0
3.71942738736,-3.21761990041,2.0
-3.49807894257,-7.37877655816,0.0
-1.61649462065,-6.36891238175,0.0
-2.03487659579,-6.82333233279,0.0
1.73508377794,-3.39149370668,2.0
0.239091869664,2.93143095589,1.0
-0.807563234686,1.72121950842,1.0
-2.53459532036,-7.23996311693,0.0
-0.322371104737,-2.04915177009,2.0
2.02593637866,3.49864352172,1.0
-0.142625496362,2.83381312333,1.0
-0.224448898014,5.07355176339,1.0
0.318895805291,-3.03906438171,2.0
0.968146131447,2.59496926392,1.0
-2.36960795107,-5.93533597735,0.0
-3.55201928971,-4.41690981601,0.0
0.346201032219,-0.708577877997,2.0
0.615672406038,-2.8856209337,2.0
-0.0124936485857,-1.21482434497,2.0
1.45480027144,-0.398351195632,2.0
2.00158732173,-2.24148552068,2.0
1.46681780319,-1.01076431779,2.0
0.468652815308,3.43655717288,1.0
1.55743430412,-4.00533809295,0.0
0.0215575048473,-1.35007021895,2.0
-2.14942124139,-6.77407417229,0.0
1.33029369388,-2.26125679212,2.0
0.980927845763,0.955868818531,1.0
-3.59030130676,-6.31669191131,0.0
0.44812547913,-2.12457623599,2.0
0.265931751069,3.44003321069,1.0
1.17804881261,-1.97416194517,2.0
1.29762617261,2.94937954562,1.0
-2.51452187438,-7.31101488543,0.0
-0.710414450596,3.24576990758,1.0
1.9877233793,3.51953151858,1.0
0.987168942855,0.856146878258,1.0
-0.158038601375,3.34711964956,1.0
1.2543856891,4.66713552872,1.0
-2.18477875063,-5.92227158652,0.0
2.10509086033,-2.56645406233,2.0
-0.736598678387,-0.434933701958,2.0
0.115375842163,3.26655069151,1.0
-0.221094722269,2.05066294789,1.0
-2.88127173663,-5.13315828546,0.0
-0.299613481502,-1.6938511694,2.0
-3.69601508192,-6.76166070739,0.0
1.28048996696,0.13322639859,2.0
-0.647182070239,-3.2645308505,2.0
0.878472905028,2.53275749067,1.0
-1.76081409831,3.72278141564,1.0
1.96839664218,-0.18068708613,2.0
-0.140400852945,2.82626972557,1.0
2.99362623905,-0.30282791865,2.0
1.06024061197,-3.25299275528,2.0
1.01769572255,-1.11391889713,2.0
0.161739719711,3.82154553455,1.0
-0.362868484953,-1.89368650965,2.0
0.162436543497,-0.685045032562,2.0
1.07979177449,-1.83240366045,2.0
-1.21696870992,3.23962060747,1.0
0.392194818254,3.91129967488,1.0
-3.24655109306,-5.17622699444,0.0
-3.55312715024,-7.80762590753,0.0
1.04364873073,4.11957832549,1.0
-1.45726126255,1.9641976497,1.0
2.56106496101,2.93181140945,1.0
0.103469870932,-0.00780785060251,2.0
1.01509180018,2.51318806914,1.0
2.18640618533,3.08558598455,1.0
0.0485534106899,4.71774462866,1.0
-0.490598024396,4.28453845564,1.0
2.17414240095,-1.59272211839,2.0
-2.91607012081,-5.84631358068,0.0
1.94500896153,-1.07594631548,2.0
1.73771390959,-3.10903398947,2.0
-3.90617312759,-6.01448978279,0.0
-3.52229998892,-6.85922643394,0.0
-0.239169292594,3.8317321507,1.0
-0.881118228592,3.76913419837,1.0
-2.68187933899,-6.55219129062,0.0
1.36106857281,4.53418216633,1.0
-0.0859250441376,-0.481994257267,2.0
-3.57669305589,-5.47794916127,0.0
0.515551918362,2.56606467328,1.0
1.31569709349,-2.26644039825,2.0
0.823986126463,-2.82470309618,2.0
2.54703846187,-1.89347544027,2.0
0.187202798711,3.18047396161,1.0
-3.51309586774,-5.72368315968,0.0
-5.11740321746,-5.24386658034,0.0
-2.26358835469,-5.8739085737,0.0
-1.42084795257,0.125946325819,1.0
-1.38643621717,3.47447658204,1.0
-2.83580063478,-7.32449911655,0.0
-0.108939135272,2.38737634008,1.0
-2.2575564572,-7.9779158241,0.0
0.441647674202,1.74271044212,1.0
2.01910312586,-0.593563411416,2.0
-1.02001473235,-6.31863263061,0.0
-4.83936181268,-8.56752396711,0.0
-0.601589090789,3.9616024749,1.0
-1.31767581349,3.61106360014,1.0
-4.23516607615,-6.62561532961,0.0
2.11462394994,-1.68210923247,2.0
-1.78286561663,-6.06293233864,0.0
1.26534362742,3.44858732577,1.0
1.85634187315,1.99240932517,1.0
1.29894913715,3.20425293118,1.0
1.32315327451,1.3934046421,1.0
-1.89421893131,-5.17643025234,0.0
-3.78004677002,-7.30050221633,0.0
-2.81384763814,-4.85714345916,0.0
1.68481032082,-1.65481765155,2.0
1.11862862923,4.42795626662,1.0
1.94370238137,-3.14000409886,2.0
-4.47425160617,-7.46125992939,0.0
-1.39277014927,2.23585339747,1.0
1.47264121497,-0.316845821495,2.0
-3.84625182953,-5.95966615715,0.0
-1.91332244237,-5.0631390457,0.0
-2.60454240899,-5.41936377006,0.0
0.730744943213,-0.0792516227523,2.0
1.04506848505,-0.17005853239,2.0
-1.40442077083,3.3878789082,1.0
-2.00669654017,-6.80362731101,0.0
-0.0390479173018,1.94678971386,1.0
1.64096035561,-1.5316943054,2.0
1.0335865333,2.73907333101,1.0
0.972774856759,1.45433676724,1.0
-2.39444746948,-6.55016627469,0.0
-0.803984817225,2.2243315182,1.0
-0.875359003444,3.00843885289,1.0
1.36339638828,-2.04627214698,2.0
1.80619449256,-2.5631081098,2.0
-1.9861734698,-6.59264408927,0.0
-2.93437954306,-6.14336322874,0.0
-3.93581501806,-7.37188846938,0.0
-0.504731169564,0.0094609044517,2.0
-0.139563672704,-0.716782349178,2.0
1.66158196844,2.44071084774,1.0
0.724340124873,2.51086205738,1.0
-3.45232294475,-5.53666905001,0.0
1.13736710175,2.44047879848,1.0
3.84271941848,-0.218396230064,2.0
-2.47347311235,-7.07530899903,0.0
-2.73922138135,-4.99417155431,0.0
-2.74674737781,-6.08517200616,0.0
0.0553277038234,-0.59715971116,2.0
0.675448342762,-1.5676434944,2.0
1.20826625035,3.44099774036,1.0
0.409471836909,2.56333176806,1.0
-3.61240176323,-6.77875803468,0.0
-2.58586112023,-7.13364346043,0.0
-4.52311401874,-4.7943359583,0.0
1.61142368731,2.56206328741,1.0
0.154441401426,-1.91188635183,2.0
2.65622101646,-2.37833092604,2.0
-2.43892321205,-6.47389834838,0.0
-0.579182545185,-1.70411229476,2.0
1.60302111079,2.26993179229,1.0
1.21938797591,-2.52825522946,2.0
0.979165348386,-0.546042647347,2.0
1.41224381548,-3.88474214471,2.0
-2.75633257192,-6.41494056671,0.0
-0.522977554449,-7.22275693481,0.0
1.681796384,3.87826927948,1.0
1.0465570005,1.5884838497,1.0
-0.0533638890039,-1.65094627332,2.0
1.125259688,3.78842630458,1.0
-2.38949022929,-7.81990420392,0.0
0.355351428798,2.80564862983,1.0
0.793224862662,-1.91686457053,2.0
0.775672119877,-2.93673227724,2.0
-0.743044310542,3.71111810193,1.0
0.682468494501,2.90529713855,1.0
-3.75807580586,-6.04137809089,0.0
1.1307453163,3.68864147558,1.0
1.43413561936,-1.62746794187,2.0
3.61211296328,-3.40398321562,2.0
1.61697224234,0.581118954443,1.0
-2.7176087311,-7.32363525152,0.0
0.317059048865,1.72831348466,1.0
-3.01741842944,-7.52197890412,0.0
1.14117078374,-3.21446998692,2.0
-2.7540077999,-5.72145348029,0.0
-3.65721803308,-5.69952883949,0.0
-3.19985844048,-6.11020776701,0.0
0.892307359525,3.17202335437,1.0
-4.26475642586,-7.82821049499,0.0
0.956634223906,-2.45411852721,2.0
-0.84990710429,-6.03660971715,0.0
1.05339709106,-1.01136062892,2.0
1.70622052572,-2.55744858893,2.0
-0.359256285428,3.56497255144,1.0
0.975239407204,2.41721646675,1.0
-2.30261463425,-4.47368640385,0.0
-3.19185375145,-6.40120162938,0.0
2.14240282463,-0.994527403142,2.0
1.10340371796,-1.65073860381,2.0
0.23051858607,-1.11512867509,2.0
0.0409154905636,-0.967054607424,2.0
1.43350170589,-2.14751699181,2.0
0.598270650228,3.13391521066,1.0
-2.00290702892,-7.44494852176,0.0
1.21774884242,-0.961640051377,2.0
1.73458286924,1.01671572904,1.0
-3.0031131416,-8.07641765737,0.0
-0.564425633825,-1.43674698119,2.0
-0.0491678611433,-1.40227164301,2.0
-1.73586084504,-6.7395637589,0.0
0.37945067998,2.26508554662,1.0
0.189090689741,0.253015355362,2.0
1.29250134475,-1.30806685791,2.0
0.626168685372,2.86599115221,1.0
2.1862219687,-1.55307434,2.0
-3.51205231963,-6.2013437492,0.0
-0.415949148957,3.84268783965,1.0
0.404192277547,3.98065000291,1.0
0.989873012709,-1.57067612112,2.0
1.10765333395,-2.03938736249,2.0
-0.363601155142,4.27735065274,1.0
1.03905522483,3.77985820579,1.0
2.51481485315,-2.71365373965,2.0
1.57009264886,-2.98571691109,2.0
-0.619799817788,-2.61834416127,2.0
0.549688842665,5.25319934647,1.0
0.0523161295409,2.44427536184,1.0
0.960649982247,0.995572150224,1.0
-2.87626581676,-5.80414514319,0.0
2.36348587795,2.58370579632,1.0
1.23221787759,1.23228690414,1.0
0.928640279544,-0.493008558245,2.0
0.782113663254,3.22547049057,1.0
-0.152351575763,2.78205966502,1.0
-0.299597446343,4.10046147913,1.0
-1.4513568477,-4.33905834939,2.0
0.276544144147,-0.614541983405,2.0
-4.5250014996,-8.92319202081,0.0
-3.41211552027,-8.34836081179,0.0
-0.438626747459,-1.62868218235,2.0
2.05434284525,-1.66992661864,2.0
-1.55679202812,-6.89019131008,0.0
-2.34078768837,-6.32254714476,0.0
1.68139156052,-2.48505214161,2.0
-3.43600886528,-3.84080321342,0.0
1.17171755907,-0.177778897373,2.0
2.08605862632,-0.755538370885,2.0
-2.26370017253,-6.4779256279,0.0
0.988740490085,-2.29111872766,2.0
-0.0463110426182,-1.21735188104,2.0
0.856524983739,-1.22001179856,2.0
1.20304647879,-1.51633544136,2.0
2.72456963773,4.07572840093,1.0
-3.69243547543,-7.66887493161,0.0
-1.31658919583,3.36256453463,1.0
-2.08506918726,-6.33674888031,0.0
0.601771812536,3.51664313382,1.0
1.67288387242,-2.28955809144,2.0
-0.0720292079893,3.2181108492,1.0
-4.14386639377,-3.8550326173,0.0
1.91752768285,2.62829132687,1.0
-0.0178118638014,1.73980429753,1.0
-1.45467741707,-7.23382092952,0.0
-2.92330583042,-6.81400732231,0.0
-0.860794825052,5.37953978633,1.0
-1.51998883805,5.6489126221,1.0
1.33468569455,-1.87866401831,2.0
0.0352349380182,3.64557993772,1.0
0.342807717701,2.2718127125,1.0
-0.229346460495,2.62043197193,1.0
-1.9051744981,-6.84609292361,0.0
-3.64757134386,-7.17524599234,0.0
-1.94773427932,-5.06256676951,0.0
-0.253661818193,3.1849620614,1.0
0.964970544656,-3.2126881988,2.0
-2.76298130033,-5.76855867068,0.0
1.90501218841,0.248080097349,2.0
-2.6130992619,-6.46199970573,0.0
-2.49172752491,-7.62419079067,0.0
-2.29723971535,-8.01702964156,0.0
0.455546150545,-1.45620802583,2.0
-2.82090344106,-6.21484529269,0.0
-3.53455863411,-6.09035644937,0.0
1.46885284061,-1.21626992416,2.0
0.27487626059,3.29619699787,1.0
1.00915319793,2.80098122956,1.0
-0.0609668597042,-0.475270638631,2.0
1.02968773296,2.65283139892,1.0
0.146316636171,2.21878358913,1.0
1.37764874781,-3.01407992346,2.0
-4.13617278562,-6.53654321294,0.0
1.19559474377,-1.39343638798,2.0
0.929007225996,2.97584751235,1.0
-4.28335823735,-6.16892910683,0.0
-4.14776491899,-5.35883699461,0.0
0.759171691938,-2.94986260902,2.0
-2.09623452389,-6.92110112579,0.0
-2.98654941055,-5.62947794986,0.0
-5.22553842994,-5.81306300932,0.0
-3.57366554879,-8.60729637994,0.0
1.36626800959,-2.44967306468,2.0
4.01472106986,4.26087110939,1.0
0.740246122439,2.87060699763,1.0
0.846159239226,1.92885252161,1.0
-0.70019800856,-6.70850745849,0.0
0.448772992341,-1.98739973891,2.0
-0.298694752979,1.02041725596,1.0
-3.37262191585,-7.2975656007,0.0
0.554640749599,-1.50475611991,2.0
-3.18807274227,-6.32433699782,0.0
-0.0687784188958,4.84207187493,1.0
-1.5699497092,-6.33110444899,0.0
-0.993078912887,-7.60573600012,0.0
-1.26886206196,-6.34191764346,0.0
-1.69579593388,-6.5290365281,0.0
-1.85570070678,-6.09364734777,0.0
-2.17204273913,-6.6604121238,0.0
2.07054273882,-1.3913048892,2.0
1.81476904967,-2.83575111064,2.0
0.75787114656,3.11384619978,1.0
-2.24862707209,-6.36742111328,0.0
-2.08040581621,-8.07097235139,0.0
0.053027322953,-7.55594409633,0.0
-1.83315558922,-8.08391948719,0.0
0.476871026749,-2.04441853295,2.0
-3.18997865684,-8.03236928094,0.0
0.00598776878589,-1.16181518491,2.0
-4.63471185763,-7.18500758163,0.0
2.20492214482,-0.970736639919,2.0
1.69671556574,-1.47109603898,2.0
-3.46185010751,-6.61921319911,0.0
0.68728463928,-4.52342061112,2.0
-2.94682068814,-6.79134530898,0.0
0.304551912549,3.95854406555,1.0
-1.86409123431,-6.66487542835,0.0
1.30342779054,-1.28532171928,2.0
-0.682348341514,3.64168002415,1.0
0.652343213937,-1.57886786278,2.0
-2.22664406973,-6.16828169404,0.0
0.716014246207,4.78053159069,1.0
-1.87632360658,-6.57149695417,0.0
1.21525178567,2.60568887588,1.0
-3.99014224565,-6.78539661938,0.0
1.53241717699,2.57450064372,1.0
-0.934466577261,-5.61874125404,0.0
-3.32406370498,-4.46545836217,0.0
-0.44064053046,-2.18944799242,2.0
0.976508999043,-2.7158561104,2.0
1.31998352718,2.93230115647,1.0
-1.25701356166,-5.88989284272,0.0
-2.02161443705,-5.70451731412,0.0
2.77954037593,-3.5955443053,2.0
-1.37976831912,-2.09281891698,2.0
-3.06445715776,-5.47090781158,0.0
-3.64973940713,-9.23192706153,0.0
0.859970603248,3.02145866629,1.0
0.126322819536,-3.27647146546,2.0
-2.96410246811,-7.20876821626,0.0
0.0876217099471,2.71888576872,1.0
-2.8869578534,-6.56822291158,0.0
1.97559169497,3.94252941304,1.0
-2.84296137287,-7.17914545998,0.0
-1.36572328041,3.06331001416,1.0
-1.01187792224,-5.67381661228,0.0
1.19590034034,-0.853364669253,2.0
1.21131225129,-1.83683226101,2.0
-0.845761056178,3.10941765172,1.0
-0.496820801893,3.03855199868,1.0
0.252313709482,2.95304183501,1.0
1.85571691168,4.61339594362,1.0
2.12428917018,-1.86128645552,2.0
0.870910288497,-3.2884961366,2.0
0.978305029724,-1.28608732018,2.0
-1.29066444509,3.38328857342,1.0
-3.19357509993,-6.00256115257,0.0
-0.853270892496,3.03333552117,1.0
3.22585052544,2.90116103342,1.0
0.257387222399,-3.00135156243,2.0
-0.610306413821,-1.87582551537,2.0
0.723009176955,4.58868600262,1.0
-2.22748468412,-6.28632211671,0.0
-0.900591406638,4.38794835873,1.0
2.70044910245,-2.07440599382,2.0
-4.99670899147,-8.22319740098,0.0
1.25853458965,5.10181136142,1.0
0.885751703312,-1.27082034352,2.0
1.0803787997,-2.39479584489,2.0
-2.41105739585,-6.89574084568,0.0
0.532251299644,4.11012453242,1.0
-2.59838790322,-6.93664927557,0.0
2.01486760218,2.84697149034,1.0
-1.2052988719,3.13634125506,1.0
0.890389712623,4.85476734482,1.0
0.903823250027,1.83546070613,1.0
-2.19529012608,-7.8593191194,0.0
-3.059815403,-5.69737853193,0.0
-0.747600119503,2.24177044771,1.0
-4.2212472646,-7.08011024599,0.0
-1.06219098043,-7.00951870411,0.0
1.22011198802,2.8604340381,1.0
0.810352705415,2.83863381798,1.0
-4.01758972722,-7.1546680042,0.0
-1.05145839467,3.00786380977,1.0
0.537139499987,3.42416075593,1.0
-2.59366888658,-7.74173892205,0.0
-0.257106048078,-1.38297411874,2.0
0.682530602616,-1.69959812299,2.0
-0.381133043489,-2.05343526597,2.0
2.20339587503,-2.10637232289,2.0
0.0778447062914,1.99617429677,1.0
1.87881020458,-1.79056740127,2.0
