1.574334299,4.61296547386,1.0
1.68757572493,-2.1662018783,2.0
0.670951832578,4.39092073652,1.0
1.20471295651,3.6589393989,1.0
-1.20938489519,2.92225893924,1.0
0.621879011857,2.53952908721,1.0
-0.444302471362,-2.45957387884,2.0
-0.679200251805,-0.982201932941,2.0
2.11357735041,2.21742425342,1.0
0.666955862177,-2.05276575801,2.0
-1.32342732857,-5.93016013525,0.0
1.95731385815,-1.17829085805,2.0
-1.06403301731,3.31869148059,1.0
-0.59098683234,3.50171466524,1.0
-2.96907584165,-7.58289435016,0.0
0.278394633126,5.51966522214,1.0
0.575522799377,1.66530438054,1.0
-4.19698906522,-6.45769364502,0.0
1.42379421943,-2.82221673667,2.0
-2.62939412374,-5.90549363273,0.0
1.04225013057,3.70889554337,1.0
-0.102902956159,-1.92561371251,2.0
1.14831357699,3.76630546876,1.0
0.840971145871,3.01810622016,1.0
-2.32328345693,-7.73745384422,0.0
-3.02190817654,-5.9890158459,0.0
0.14545792014,-3.15621880397,2.0
0.705559709663,2.63643523616,1.0
-3.61647130972,-7.00550271512,0.0
1.03023624362,2.57117432056,1.0
-1.56656009459,-2.78576133922,2.0
1.31705545863,-2.32032526946,2.0
0.933041512978,-3.50440068193,2.0
1.90583002147,-2.80616401581,2.0
0.857423264556,2.53574809604,1.0
-0.373969088639,2.13931013674,1.0
-0.552797949193,-1.12955711094,2.0
-1.72801539448,-6.22432146848,0.0
0.924212150778,3.24710488576,1.0
-1.6092162255,-7.43510399796,0.0
-3.68951813752,-6.05128995539,0.0
-1.28259690293,-6.44836562765,0.0
0.111736878364,2.26822637004,1.0
1.41537760993,-1.0218812371,2.0
-3.61923855113,-7.20874227621,0.0
-0.164445809541,3.92037988781,1.0
1.92810628075,4.13004997938,1.0
-2.89692186441,-8.00474195357,0.0
0.302754076484,-0.940574370665,2.0
-2.94700165253,-7.7748390942,0.0
1.1515927601,1.79345411389,1.0
-3.25363497678,-7.67511916235,0.0
2.24240843016,-1.70449763045,2.0
0.908711709277,-3.02975726635,2.0
-3.51747097802,-5.9866782793,0.0
-1.14115500333,-1.32242156661,2.0
-4.67653069476,-7.09936922993,0.0
-0.964118472156,-4.90514415504,0.0
-3.71581026845,-5.58275957195,0.0
-2.66021541492,-6.20172318172,0.0
1.43547843225,-1.17960730517,2.0
1.6930682753,3.66123432896,1.0
0.0966301250123,0.0529623502056,2.0
1.7386310663,-3.49146961385,2.0
1.13238753758,2.84440369207,1.0
1.60521654968,-2.22419148839,2.0
-1.15554089159,-6.16120901511,0.0
-3.48666912655,-4.3049057502,0.0
1.58482419814,-1.34426342421,2.0
0.714653172967,3.86902293403,1.0
0.882001133078,2.66079958592,1.0
-3.38522719124,-8.20548440833,0.0
1.33032956695,-0.591555113736,2.0
-0.111113204276,-0.723679468032,2.0
-1.97790711865,-8.08793889383,0.0
-2.35339460885,-5.70368070979,0.0
-3.32401337729,-6.56770168242,0.0
-2.2440609385,-6.21183239498,0.0
-0.00917720797425,4.2534469087,1.0
0.563121316539,4.0300898187,1.0
1.26099943711,-3.87152150632,2.0
0.450522495854,-1.4712764766,2.0
-3.22430686052,-5.51402800416,0.0
1.38893237065,3.00685504627,1.0
0.479247148309,-2.83967260685,2.0
-3.97607200411,-5.06950336296,0.0
-2.08974109821,-6.26861336661,0.0
-1.57873558608,-6.4819970518,0.0
0.608613605037,4.60834580435,1.0
1.47354054305,2.6233064021,1.0
-0.146950056854,-1.77799358178,2.0
0.468365727164,3.10055339244,1.0
-3.40421475181,-7.36725472162,0.0
1.50186935454,5.0798684131,1.0
-0.192785306542,3.75445842566,1.0
2.31225804592,-2.12494670341,2.0
-0.134462152297,5.14427849537,1.0
1.79615770772,0.362836838603,2.0
-0.709300633426,2.93591938499,1.0
1.95188386351,-1.05551501187,2.0
3.01891891762,-2.18934401522,2.0
0.328100439019,4.19561154444,1.0
0.797374150929,-3.57628787462,2.0
-1.464740151,-4.56506413832,0.0
-0.832872808103,3.51753043106,1.0
-0.290632737855,2.62332901358,1.0
2.68042778774,-2.30946218309,2.0
1.03607595852,3.45785188333,1.0
0.198482102036,-1.06998614637,2.0
-0.264471876205,3.08458195972,1.0
0.0435580680133,1.43154190985,1.0
2.2803512976,-3.17288534125,2.0
0.378042531332,3.81680288543,1.0
2.56753056727,-2.53024388544,2.0
-0.805684140672,-6.81486257041,0.0
-1.29100580457,2.95426693136,1.0
1.71887361129,1.9146928883,1.0
-2.25058805092,-5.65278327244,0.0
-3.15902599541,-5.54882814454,0.0
-3.2877993652,-5.61451848589,0.0
-3.3776693259,-6.69149567852,0.0
1.06741950938,-2.47628232503,2.0
-2.29836192061,-5.46288511709,0.0
0.557193557435,-0.993641257872,2.0
-3.6079490488,-7.04233329382,0.0
2.54887486503,-1.35836117141,2.0
-0.126742684102,2.8949576623,1.0
0.591904779905,-2.24855889861,2.0
-0.38695285154,6.7915639867,1.0
-0.0466104240389,-2.9606045277,2.0
-0.126013576421,-3.5680825052,2.0
-2.20510273011,-4.89786084166,0.0
-1.05288784644,-6.76561466787,0.0
1.01840274132,4.64427234806,1.0
0.145247400311,3.37982902625,1.0
0.945573559805,-2.0365883597,2.0
-0.179237054138,2.25030732974,1.0
-3.45575841777,-7.27971069129,0.0
-2.78611447347,-6.37935676009,0.0
2.69092520204,-3.47996199985,2.0
0.742947231177,0.48891303313,2.0
-0.961318729411,3.57473687503,1.0
-0.0715861352317,-2.49888733056,2.0
-3.71833589792,-5.4328837545,0.0
-3.20138689494,-6.94346678867,0.0
1.62030398019,-2.1891786283,2.0
-1.34961936466,3.64532437278,1.0
1.52493589133,-0.87452709234,2.0
0.395968676008,-2.55835760902,2.0
0.466263705874,-2.50236866158,2.0
0.801038459808,-2.12736017805,2.0
-3.05028090122,-5.99850211413,0.0
0.875148011675,-1.48948229263,2.0
0.0676577947377,-1.36461228662,2.0
-0.343585012347,-4.29565110962,0.0
-1.40125863977,-8.0435546259,0.0
2.08498218317,3.92573109718,1.0
-1.66681455017,-6.90058182097,0.0
-4.44024747361,-7.20953303005,0.0
-3.78998416481,-6.71238760116,0.0
2.50022964224,-1.52831698819,2.0
1.17880397224,3.05062520611,1.0
-2.87665107733,-7.19837496221,0.0
-0.361708425106,-1.21270282346,2.0
-4.54347329818,-8.6586793513,0.0
-1.81077975048,-8.23005300203,0.0
0.126534516326,2.09810598634,1.0
-4.45034692772,-7.76345945841,0.0
-0.608877480615,1.85037222801,1.0
-0.283776049468,-1.88439365433,2.0
2.24330566684,3.52776318891,1.0
-0.591076229146,-8.54257928784,0.0
-0.21739366283,2.0092773092,1.0
-0.32579503292,2.12637331185,1.0
0.693034341611,-3.33268099915,2.0
-0.887410907315,-7.86693182881,0.0
-0.663175162379,-2.05654457959,2.0
1.81351646864,-2.63681351829,2.0
-0.552094267692,-1.28679516105,2.0
-0.423217344379,-1.9482334691,2.0
1.6499995208,3.61090095398,1.0
0.804334783547,3.51055040573,1.0
-4.41918859309,-7.31946267006,0.0
-1.38793010509,2.34038527262,1.0
0.408890586698,2.7885444219,1.0
-1.88467128489,-5.89472203359,0.0
0.589425741481,3.094746274,1.0
-2.35354284815,-6.38158192461,0.0
-0.672955192826,1.81150806027,1.0
-1.46812773294,-6.51478180936,0.0
1.31651318466,-2.49598612524,2.0
-0.950312136515,-6.12175690279,0.0
2.27072693427,-0.637663240069,2.0
-2.61564930503,-8.45118344625,0.0
-0.294723136616,-1.75290007895,2.0
-3.47537257746,-5.91069607338,0.0
-0.408526099005,-4.68465271021,2.0
-1.24498205777,-2.40278285866,2.0
2.93119872711,-0.474167852471,2.0
-3.29349307195,-6.41038237018,0.0
1.66265768761,3.87565292278,1.0
-1.84895546204,-7.9707668601,0.0
-3.10527806762,-6.85752116369,0.0
-0.309653333237,3.96083474291,1.0
-3.07364477677,-6.14438189075,0.0
-3.6988322,-5.30597039506,0.0
0.984114651421,3.84059515893,1.0
-0.102262657844,4.19147615521,1.0
-0.812630895147,-2.85476904098,2.0
-0.296833083837,-1.96588234779,2.0
0.745113152464,-2.30543657684,2.0
0.902534318111,4.19747724836,1.0
-0.393815994651,3.59637566181,1.0
2.04545397405,-1.81574278867,2.0
3.31075287057,-0.71412996161,2.0
0.601823401149,1.77966691276,1.0
0.161447499666,-3.44617488908,2.0
2.13259615283,-3.05274276734,2.0
1.25978981931,3.07255607959,1.0
1.00916608553,-1.37847525544,2.0
1.31978370799,4.02113905234,1.0
-1.7985016736,-6.48256586337,0.0
-3.53367431984,-5.4786338574,0.0
1.55516116215,-1.59230977471,2.0
-4.61089161566,-6.59671035202,0.0
2.21526801585,2.13863703918,1.0
1.02095340507,-1.59606759367,2.0
-2.78625700915,-9.38106457153,0.0
-2.35143282821,-5.66555239457,0.0
-2.71270753919,-7.06044849028,0.0
1.12336772663,-1.80329946941,2.0
-3.96376948942,-5.48581511116,0.0
-3.98137247481,-6.09583000488,0.0
2.43133303638,3.00354687255,1.0
2.8464326236,-2.03326284429,2.0
-1.87159628062,-7.99261188493,0.0
1.68907154608,-0.121162724563,2.0
-1.64759806462,0.455959840738,1.0
2.55634154761,-1.99150967444,2.0
-0.807122794418,-7.69760521831,0.0
1.04377546352,-1.71109109366,2.0
-4.59951359497,-8.8251639477,0.0
-1.93872809552,-8.31062093438,0.0
1.70657780199,-3.70410999113,2.0
-2.81610015378,1.94233980659,1.0
-0.0346110812624,2.83302976584,1.0
-3.44824095653,-5.43151714089,0.0
0.745614597148,0.637764682888,1.0
-1.78545193944,-6.28057384727,0.0
-3.55084520666,-8.81882335686,0.0
0.299348029613,4.32025388073,1.0
3.81644182246,-1.68137061825,2.0
-2.01479455192,-5.82392716882,0.0
-1.67817277973,-4.75611563072,0.0
2.19451766258,-1.91726002526,2.0
-1.25899243995,3.64195373413,1.0
-3.43470929638,-6.25680365919,0.0
2.51664684822,-3.59934114714,2.0
-1.45571535293,-8.07791639085,0.0
1.21176342703,4.00812848489,1.0
-0.98430738738,0.749138937478,1.0
-3.47262109122,-5.68173875183,0.0
-2.26059717629,-7.35298913824,0.0
-1.40330344953,3.57482803073,1.0
0.52873409722,-3.09261127309,2.0
0.538497771007,-0.656611356626,2.0
3.19290211025,-1.88168867956,2.0
-4.29410307256,-7.84448342738,0.0
0.271511311015,0.324663523149,1.0
-0.248227100048,-2.1020707801,2.0
3.07600479122,-2.76358771811,2.0
2.16757695009,1.98609691847,1.0
-2.74980144734,-5.28811354901,0.0
0.603197767251,-2.60335745007,2.0
0.661002160478,2.77234090366,1.0
0.275223275274,1.5434319553,1.0
-3.54982400752,-7.11844820234,0.0
-0.718890854389,2.61313663048,1.0
-2.35123355718,-7.5890746071,0.0
0.624855556445,1.55618096441,1.0
0.913369643143,3.86401199438,1.0
1.82160501748,2.56650074173,1.0
-3.6192613891,-7.26778565164,0.0
2.43828486782,3.77176206208,1.0
1.27831537049,-3.31031921633,2.0
1.00296474986,2.7894799401,1.0
3.1107605402,-1.6950871699,2.0
2.64680176114,-3.16905156505,2.0
1.72678404944,-2.96751443131,2.0
-3.8974227727,-9.33111541717,0.0
1.60970931443,1.30476648555,1.0
-3.3173082491,-7.21541540359,0.0
1.8624094622,3.33275905229,1.0
-1.11368144531,2.07824178288,1.0
-0.809907771333,3.09321861463,1.0
2.19767900339,3.72466696602,1.0
0.155516866975,-7.42921556657,0.0
0.83075452363,-2.50136003933,2.0
-0.110739643986,-2.8599310126,2.0
-4.32262585277,-6.10979589377,0.0
-3.0841197,-6.95877543517,0.0
-0.711237083538,3.90682055841,1.0
-2.52124861621,-5.94371653043,0.0
0.833071228418,4.91165344027,1.0
-2.86521851246,-8.56293950631,0.0
1.40881338434,4.18987599285,1.0
-0.0533468684106,2.83233344799,1.0
0.134032483014,3.60688511256,1.0
-0.235753525814,1.71621960417,1.0
1.72191541175,-2.44669248212,2.0
-2.58759439179,-6.86188821145,0.0
-3.41689412427,-6.87907149144,0.0
-1.19671882904,-7.60155025635,0.0
1.88923246804,3.35097823292,1.0
1.40767255208,2.45567499643,1.0
0.945280558783,-2.99180386434,2.0
-3.87309974942,-6.06759614165,0.0
0.00700286529101,-3.55392247525,2.0
0.932259135388,-2.2072317421,2.0
-2.24127390804,-7.50249960269,0.0
0.666196607539,3.51272678814,1.0
-2.50286529341,-6.69246640453,0.0
1.17408378233,-1.46455409654,2.0
-0.0781140663707,-1.39793690367,2.0
-2.93993462631,-5.79247331745,0.0
0.170550843402,2.53393182362,1.0
2.42290394276,-2.27824966238,2.0
0.946148950049,2.74838629123,1.0
1.46193763294,-1.01783214139,2.0
2.62368015863,3.6015149635,1.0
-3.32645712918,-4.83520093219,0.0
-2.28045040173,-6.10385428723,0.0
0.0918354042393,3.36988280651,1.0
2.04155834465,-2.24420847357,2.0
-1.30698378367,-5.88916396005,0.0
-2.33909592375,-7.36334209513,0.0
0.682023632806,-1.61989512709,2.0
-0.0671201245174,2.83830160495,1.0
1.59116890887,4.14699721257,1.0
1.92335004949,-1.21926343668,2.0
-3.57728325763,-7.08948424378,0.0
-3.69177283279,-7.09577023245,0.0
1.63641067048,-2.74263881715,2.0
-5.56473047275,-7.0339695653,0.0
1.25515667786,-2.23579798402,2.0
0.0800622618773,-1.39903189675,2.0
-1.02344386449,-6.47032151282,0.0
-1.18834026221,2.86695325679,1.0
0.990354553626,-2.88593863027,2.0
-3.58734239619,-6.60062015243,0.0
-5.13271703111,-6.76567384309,0.0
0.452129844724,-1.81127377948,2.0
0.595704142598,3.1804268442,1.0
0.592311909356,2.63383834505,1.0
2.41995819694,-1.48527278165,2.0
-0.301419278567,1.64985239987,1.0
-2.48856630161,-7.15302191921,0.0
2.25799359925,-3.1252421951,2.0
0.21402123305,-7.11751210121,0.0
-1.57514006845,-8.18774245432,0.0
0.88329742888,1.9318225947,1.0
0.343052428185,2.93938247355,1.0
0.555304875166,4.23624916505,1.0
0.913971648097,-1.09592629718,2.0
0.812479087491,3.72891019477,1.0
-3.26709742189,-6.31461487163,0.0
-4.03079788778,-5.52531631012,0.0
-5.09879669869,-7.98355625444,0.0
0.467667521896,-2.97755940055,2.0
-1.61908516366,-5.87873042466,0.0
2.04485944148,4.62855797831,1.0
-3.56075414284,-6.81946760947,0.0
-1.00842557976,-6.18111694307,0.0
0.930662216382,-0.883596728888,2.0
-1.77053916452,-6.61642372143,0.0
-3.0983787762,-5.92868729324,0.0
-2.8307975482,-7.1939562769,0.0
1.57592743942,2.44104088206,1.0
0.688238398236,2.74949010205,1.0
1.15367730478,-1.41734693335,2.0
1.39570792188,-3.24530558985,2.0
1.55979067189,-3.88381672866,2.0
1.36412445601,3.38260568919,1.0
1.91583055642,-0.420034862111,2.0
-2.26625763464,-7.96294364265,0.0
0.285463111422,-1.5893207635,2.0
-2.41197303275,-7.38119559771,0.0
-1.84836470982,-6.99076778998,0.0
0.865737286624,-1.84027713418,2.0
1.38669532798,-0.506781901778,2.0
0.867979645279,3.6152197381,1.0
0.0579538147332,-1.40908191035,2.0
-2.26879718173,-7.48410225105,0.0
0.158850250455,0.882035440878,1.0
0.599003822593,-1.62249863213,2.0
3.6628014785,-2.1842708074,2.0
-0.198657550665,-2.53510909274,2.0
-0.399860705734,3.73062859865,1.0
3.1394352673,-1.9843739461,2.0
-2.00168369861,-6.91767008175,0.0
-3.72207710887,-7.3697114362,0.0
1.58045132476,1.64194105164,1.0
0.955613476708,0.70181787918,2.0
-1.08226689532,-5.80662317787,0.0
-2.52069671791,-5.92013707956,0.0
-0.0136683446103,3.70013449669,1.0
-0.52256870276,5.52003244046,1.0
0.401236340052,2.36821584509,1.0
-2.34177167093,-5.90953057417,0.0
-2.14723218455,-6.53284099668,0.0
-3.16069372857,-5.92884316061,0.0
1.37510311347,-2.55375945313,2.0
1.36288880116,1.67401584451,1.0
1.37597674715,-0.370462988758,2.0
0.436467026391,-7.05896842226,0.0
-1.37240046295,-6.22320152683,0.0
-3.63533929247,-7.23364040322,0.0
2.99827512661,-1.79811966543,2.0
2.29102870318,2.52477687947,1.0
1.21884195424,3.40248146875,1.0
1.55772297838,0.684250408907,2.0
1.41224417084,-2.26504271202,2.0
2.04540647451,-0.511956304146,2.0
-1.84906871128,-6.58397434383,0.0
-1.12558838137,-5.73676776396,0.0
1.76581970204,3.58192095283,1.0
1.18801002041,3.61908246527,1.0
-3.95838004987,-5.57826404265,0.0
1.86114324814,3.48374371164,1.0
1.69800835209,4.42710002927,1.0
0.609988417869,4.94401410271,1.0
2.97522612573,4.14289203762,1.0
0.777392336777,3.74852306987,1.0
1.21462594859,-2.8177152547,2.0
-0.0908366286821,3.25136550802,1.0
0.735230460798,-0.0522747552188,2.0
0.57791725377,3.67748552018,1.0
-3.84314036194,-5.93870580985,0.0
-3.01717417182,-6.80065060581,0.0
1.28384887546,-2.13205886843,2.0
-1.82731707883,-6.88831862805,0.0
-0.098737151372,4.63632560298,1.0
1.25926722516,1.97082820381,1.0
-0.394403779752,-2.91271151898,2.0
0.857882348066,-3.368262043,2.0
-0.520600818823,4.27863263082,1.0
-3.50288136993,-5.21336730788,0.0
-0.928775631128,2.97802743457,1.0
-3.23253215101,-6.53234282847,0.0
0.989596017263,3.20971935114,1.0
0.425122235857,-3.16648637463,2.0
1.79380831579,2.86539717526,1.0
-3.11159695023,-7.68350182555,0.0
0.842099811931,-1.80342122063,2.0
0.677757035869,-1.81418871494,2.0
1.51089580844,-1.70020303858,2.0
0.418503950393,3.34374583978,1.0
0.432562201158,1.28552006313,1.0
1.78661599821,-3.61448467391,2.0
1.255242587,-2.98878662478,2.0
0.642840403286,5.12439202761,1.0
2.11775194015,-1.31881529042,2.0
-2.37800596635,-8.68628149024,0.0
-0.473980477231,1.85768704255,1.0
1.85116783241,-0.433549176076,2.0
-0.24377093129,2.94209827099,1.0
-3.27175120822,-6.35801194308,0.0
1.15277954899,3.82679971309,1.0
-4.31853110236,-5.40891902883,0.0
-2.58846581194,-5.40968442423,0.0
0.979648604039,4.44220231507,1.0
0.624428116965,3.43732439717,1.0
0.640670984059,3.54288543854,1.0
2.24098684032,-1.21769460841,2.0
0.712794710603,3.75568890696,1.0
0.874495404591,-2.12285761023,2.0
-3.63095732891,-5.706598442,0.0
-2.75607876504,-6.7022751614,0.0
-1.78184447978,-5.62425146632,0.0
-0.120918077843,-1.35283976452,2.0
0.00555846129811,-2.69848373357,2.0
0.644460973609,-1.13942129777,2.0
0.128229384194,-2.09012572177,2.0
-2.16697378868,-7.53633071731,0.0
-2.41567525413,-6.12388358913,0.0
0.334877910426,2.77974802736,1.0
0.941455375647,-1.3565477333,2.0
1.83105194073,2.95842778918,1.0
-0.0034257633995,-3.61580713897,2.0
2.22376010197,2.07622447949,1.0
1.60040789436,3.05578821865,1.0
1.32458324883,-1.75813936611,2.0
-1.56475228469,-4.77230692282,0.0
-3.22477544736,-5.51243088321,0.0
1.21856608331,3.18812415834,1.0
1.7856721011,-2.97874280656,2.0
-2.30137021678,-6.28640247886,0.0
0.107070130254,2.71624200334,1.0
-2.48770989342,-7.61843057711,0.0
1.40731850653,-3.06256258106,2.0
1.53673690591,-2.6951508612,2.0
-2.52763974238,-6.47791472715,0.0
-1.60356780673,-8.1188797653,0.0
1.47307313552,-2.37829731032,2.0
-1.42471484125,-8.73338712309,0.0
1.57417428779,-2.48857802972,2.0
0.882615945973,3.73468454134,1.0
0.314690528131,-3.26644857679,2.0
-1.80868027748,-7.93941661589,0.0
0.116061157331,2.70372519094,1.0
0.123458585093,-3.5084867912,2.0
0.361567438078,5.16290858239,1.0
0.315948171885,3.46723966326,1.0
0.883493601581,-3.68374206806,2.0
3.2484318309,-3.08449043121,2.0
0.603286093928,1.07805726952,1.0
1.74121632459,-1.98368283584,2.0
1.16322702141,-0.647312792534,2.0
2.03293864136,5.00239864518,1.0
-3.77409691402,-6.79517723192,0.0
0.380347335287,0.920831243467,1.0
-2.96978438056,-6.58246005686,0.0
1.76829827625,-3.32617758039,2.0
0.476235013105,-3.52994031948,2.0
-3.59700217587,-7.43618472439,0.0
-2.3405898731,-6.61515676797,0.0
0.575172356807,-2.01770758272,2.0
-3.15130587462,-5.11705517436,0.0
0.869487064889,-1.66997788295,2.0
2.30640411594,-3.12818974516,2.0
0.520676871594,3.44589211748,1.0
-2.715628488,-6.5109743208,0.0
1.16409003272,3.62892317944,1.0
0.640785660508,-1.14105832326,2.0
0.980357935715,-0.90292088198,2.0
-2.460646692,-7.10623762011,0.0
1.10302203157,-3.96916443404,2.0
0.415397710951,-2.8105222105,2.0
-1.74543092933,-6.4923905771,0.0
-3.1330063829,-6.90169034672,0.0
1.61336050635,2.66465484695,1.0
-1.33776930053,-6.9111632141,0.0
0.54320367288,-2.30454492551,2.0
0.261946139943,2.18991902253,1.0
-1.58285593845,-5.9650934196,0.0
-4.70081957907,-8.64405772782,0.0
-1.2387944948,-6.0641296045,0.0
2.47424031278,5.10592637195,1.0
1.22287424273,3.5989328187,1.0
2.46359128989,2.84352103471,1.0
1.81274529182,-1.11898446929,2.0
1.70257600063,3.34762913129,1.0
1.71353737117,-1.86674325419,2.0
-1.14862317175,-7.03185129278,0.0
1.95958591801,-3.43938431972,2.0
-0.117997285456,1.84689743316,1.0
-1.82445129794,-7.16037166461,0.0
1.66597929024,2.22268583221,1.0
1.54897438692,-2.62732487952,2.0
-1.95747378313,-5.37986878005,0.0
0.315863056681,1.96799245647,1.0
-3.95182456231,-9.32422878344,0.0
2.36749423033,-0.740574343696,2.0
-1.21357725489,3.02783201421,1.0
0.254532459733,2.77070630387,1.0
1.06285715393,4.43613325787,1.0
0.736667996434,1.90658419044,1.0
0.171010981449,-0.640292307073,2.0
0.848317258113,-0.960261994714,2.0
-4.63285799004,-6.57665308797,0.0
-1.02884223661,4.12949701946,1.0
1.38705653329,4.64951617952,1.0
-1.93168993812,-6.42078490674,0.0
-2.38901841822,-5.21127248673,0.0
0.827468998316,-0.538416413172,2.0
1.86354851424,3.01091794573,1.0
0.912590158931,1.92130939589,1.0
1.74980426771,-2.16718009573,2.0
-4.1693357225,-7.15562416083,0.0
1.84067729602,1.82893377171,1.0
-0.873512641019,-1.56054872393,2.0
0.150613730397,-1.08445867407,2.0
-2.14162315352,-6.38110458757,0.0
0.425017863625,2.59689109692,1.0
-2.84704588282,-6.18860369435,0.0
1.60475087027,-0.87466670589,2.0
1.54746813637,2.37618030089,1.0
-3.62740195959,-5.30309367434,0.0
0.370915146939,2.36047503214,1.0
2.25076203512,3.5065268159,1.0
0.787217398703,4.03386941849,1.0
-0.0980500479977,-1.96266556532,2.0
2.04313844766,-1.15252968838,2.0
-5.06129834533,-6.38858251363,0.0
-3.90424269815,-6.04116594225,0.0
1.47421458497,-1.84645415228,2.0
1.40337048743,4.21010025278,1.0
0.529516146392,1.41073977611,1.0
-0.17621059748,4.28540868621,1.0
-3.51768226691,-7.20888697714,0.0
0.618104539377,3.48478899969,1.0
-1.41451155733,-9.07581079788,0.0
1.00062326991,3.75400592531,1.0
-1.78030918964,-6.35194834778,0.0
0.520995129278,2.05121653719,1.0
0.956716747447,-0.552918992832,2.0
-0.821768481897,2.00972655466,1.0
1.69011172998,-2.89346544288,2.0
-4.8729348926,-5.56139906774,0.0
0.880397059661,-1.83750346683,2.0
0.320816455909,2.53422416045,1.0
0.820389710945,2.30920915181,1.0
0.640909136301,-3.04033329144,2.0
1.52007539228,2.67625717264,1.0
-0.374886138566,0.203226525706,2.0
-0.454623612705,2.58406058385,1.0
-2.44102747408,-5.48984978518,0.0
1.4305221895,-0.827546653935,2.0
3.33394568537,-2.19780199057,2.0
-0.977774707021,-1.33970432067,2.0
-0.223339976013,2.78795485475,1.0
2.42692408341,-2.14305139599,2.0
0.375685577007,2.17869037225,1.0
2.29740888419,-1.47234019121,2.0
0.442550115686,4.71647651982,1.0
-2.60664493189,-4.84874522775,0.0
-0.13735389858,2.56624234422,1.0
0.789742887934,3.78756703115,1.0
-3.44618773574,-6.40136725768,0.0
0.820804415068,-2.71417825966,2.0
1.29356947416,-3.9433984539,2.0
1.62620534714,-0.00993819607479,2.0
0.369283085681,1.78724190037,1.0
1.65396975494,-1.14367793144,2.0
-2.98793880828,-5.64179464452,0.0
-4.23561521697,-6.66569998957,0.0
0.374270687451,-3.15299281923,2.0
1.67304832756,-3.22197428506,2.0
0.28635524519,-0.756904830513,2.0
-3.70589615981,-7.87816415747,0.0
-0.158972963214,-2.40189587088,2.0
-2.77939530454,-6.68015342197,0.0
2.21142985658,-3.87640967487,2.0
1.80946491503,5.49444104872,1.0
-0.215152252645,1.39917850145,1.0
-2.43562126818,-6.83661079909,0.0
-2.73129894918,-5.46820557878,0.0
-0.0182095052444,-0.696820101357,2.0
0.974712153736,-2.33836909727,2.0
-3.87059904782,-6.68744076574,0.0
-3.32929636605,-4.99587680332,0.0
-0.74228083982,-2.16568247771,2.0
-4.23197281004,-6.25097297456,0.0
-2.49906488178,-6.53081468751,0.0
2.19242964284,-1.85045301966,2.0
1.86178448768,-4.04540070158,2.0
-2.15064531301,-7.14829176956,0.0
2.29337831553,3.70292042715,1.0
-3.74216212473,-6.45047055308,0.0
0.745836008402,-2.0216289806,2.0
0.979046987749,-0.639817881721,2.0
-3.36455705256,-8.05404598001,0.0
3.70603960296,1.41602721909,1.0
-5.39620195053,-8.25859198595,0.0
-0.554049415297,-1.53155561655,2.0
0.116141558014,-3.31605948382,2.0
0.88301771932,-3.20860027255,2.0
2.19825381624,-2.07662857831,2.0
2.19550689059,3.26180175339,1.0
0.716611468127,0.754567506937,1.0
2.0288683306,-0.212048579303,2.0
-2.84946929078,-6.51247535142,0.0
-1.83403707837,-5.75822372805,0.0
-0.000646724677112,-3.95668776844,2.0
-1.17788674333,-5.94646896093,0.0
0.131792032387,-2.25580438191,2.0
-1.9226621397,-5.79100587247,0.0
1.24786727245,2.19252921633,1.0
-1.73999782392,-6.60578470497,0.0
-3.54342340133,-6.63682514544,0.0
-0.830527884019,4.26795238449,1.0
-3.52091011186,-8.393986296,0.0
-3.09647523797,-7.35717649309,0.0
0.143718910817,-1.90410278179,2.0
-2.52239223224,-6.91435057974,0.0
-0.374310136109,-2.56626526683,2.0
0.920791624433,4.34545655104,1.0
-3.1643785663,-6.68014082375,0.0
-0.0259258595806,2.32405905857,1.0
-1.27600348181,-6.85058513343,0.0
1.52669715424,1.98282477754,1.0
0.0387347387368,3.52874769864,1.0
-2.12846768573,-8.73362748382,0.0
1.62460939594,-2.3231177376,2.0
-2.83931523239,-7.57327340946,0.0
1.45027059808,-1.41006307001,2.0
2.00259558283,-1.96646709076,2.0
-0.909384170961,-2.44733430509,2.0
-2.06605480397,-7.72197631518,0.0
1.57421444561,-1.38434053322,2.0
-0.00700147790609,-3.39151085123,2.0
0.647529172699,-1.06174220834,2.0
2.2880410707,-2.37055012932,2.0
-3.23495422839,-8.78085707958,0.0
0.338998032707,2.75976718364,1.0
-2.65217415427,-6.22944211593,0.0
0.207865262143,-2.44654883342,2.0
0.924897861178,-1.05025432851,2.0
-1.42144610031,-7.33936456716,0.0
1.06070475371,-1.37739999413,2.0
0.488823108889,3.63415041475,1.0
0.984103255561,-2.89854658001,2.0
-4.21443979678,-7.02508007886,0.0
1.54282630136,-2.53054726226,2.0
1.10778478411,2.21440590841,1.0
-0.806663760958,-6.62368947606,0.0
-1.46299472168,-5.35867823141,0.0
0.646390743721,1.12019406885,1.0
-1.26728507397,0.263103730659,1.0
-5.11442233352,-6.87132350972,0.0
1.95771130758,-1.83798951701,2.0
-4.13569777624,-7.14447751875,0.0
1.60835180214,-2.15326632394,2.0
-0.88107484197,-1.72455900397,2.0
0.998237758915,2.88453929164,1.0
-0.196777097009,3.36774186758,1.0
-2.69525986497,-6.18100095899,0.0
-1.02324874232,-7.01361342601,0.0
-1.31309299331,2.98016021818,1.0
2.19678812833,-1.50180241657,2.0
-2.90724170371,-7.67909545541,0.0
2.11783772645,2.30231750922,1.0
2.05821539995,5.49101946098,1.0
0.337854657782,-2.20628852461,2.0
1.15994714211,-2.60561705215,2.0
0.571990855923,1.61275220544,1.0
0.30390720483,2.69301929409,1.0
0.346073587972,3.05038955255,1.0
-2.10577327813,-6.87965317491,0.0
-1.19700449527,-6.77817758809,0.0
0.0869671995137,2.17528888862,1.0
0.721339414999,-2.417333646,2.0
0.697296971953,-2.20744134602,2.0
1.00017166077,4.10602587958,1.0
0.0608667451189,3.11155314221,1.0
0.837603441776,-1.2630171864,2.0
-0.482848728495,-3.64685235739,2.0
-1.18702221801,-5.36680047236,0.0
-0.433141231685,-0.94664970597,2.0
1.9404949551,-2.78797103812,2.0
-3.41832234401,-7.43133762095,0.0
0.225764318112,2.8291971191,1.0
0.661576379648,-2.15571887019,2.0
2.01927994559,2.41691374928,1.0
1.52113391973,4.00485389027,1.0
-0.817443149889,1.58918580932,1.0
0.378223491811,-2.27672747345,2.0
-2.67041550311,-7.25448240949,0.0
0.509553367324,0.979176520071,2.0
0.0915416035867,-0.76493285553,2.0
1.44500508023,-2.97286390789,2.0
-0.143456807038,-1.29919219772,2.0
-3.72054149905,-5.96435826701,0.0
-1.79329318429,-6.6469492006,0.0
-4.53585304263,-8.16782138197,0.0
1.4263941554,2.65519878799,1.0
-3.61923681489,-6.96156364977,0.0
0.979534299873,-0.257491661376,2.0
-1.33054756834,2.28851059057,1.0
-2.27303111094,-6.5300559468,0.0
1.33258446415,-1.77575693031,2.0
1.88989138505,-3.10756328002,2.0
0.348493504936,3.63365304876,1.0
-2.02158615326,-5.61100887651,0.0
-3.01018956059,-5.97861314247,0.0
2.24972448272,-2.49928837589,2.0
-2.01014248056,-6.71005342081,0.0
-3.58200995817,-8.05839977206,0.0
-0.0440150702087,2.31077871311,1.0
1.25022531161,3.23881997472,1.0
-0.54220188274,2.5239745097,1.0
-3.06537390277,-6.55878289386,0.0
-3.44666815739,-7.28679818989,0.0
-3.25148623933,-8.24404486233,0.0
-2.25009048209,-7.44882246334,0.0
1.83438520522,-1.88413928348,2.0
-2.74291766293,-6.09062970907,0.0
0.736292548285,3.0127538704,1.0
-3.24900590567,-7.1917517578,0.0
0.93420835291,3.59851184218,1.0
0.461033200752,4.29890067069,1.0
-0.791041231926,-3.5734488211,2.0
-1.68706817672,-7.4975773113,0.0
-1.2056519436,-6.29703143768,0.0
-1.72749560659,-6.99144711002,0.0
2.52495510779,-0.883337715619,2.0
1.15788415712,2.3934731229,1.0
-2.59437365914,-7.28275774049,0.0
-4.73416010875,-8.10021973515,0.0
-4.13297328584,-5.58505191911,0.0
0.523878901072,0.536916709927,1.0
-0.222354112219,3.94897479672,1.0
1.53036669261,3.93458274036,1.0
2.88898581564,4.27235415486,1.0
0.590504747959,3.93977215526,1.0
-1.6840002033,-7.35743002829,0.0
-4.50575396593,-6.81802349054,0.0
0.164796006434,-0.623994079314,2.0
0.633367121883,-2.33363366145,2.0
0.401100960386,2.57233207001,1.0
0.106880457994,3.98645944458,1.0
1.7182907638,-2.72145773807,2.0
2.40969592754,6.31672786096,1.0
1.06062585884,-0.471608646282,2.0
-0.208806326596,-6.23316767153,0.0
-1.16610263153,-5.75816937189,0.0
1.03276398668,1.87205720812,1.0
2.73203129939,2.21968084098,1.0
-2.9500166572,-6.9285684277,0.0
-1.51228404078,-7.30649279755,0.0
-2.00009662346,-7.55795638045,0.0
-0.066853849793,2.68987049516,1.0
1.20222991333,1.13478232731,1.0
0.893558455718,-2.94407913657,2.0
-0.512553153026,2.25299692777,1.0
-1.8054413231,-6.87586549188,0.0
2.66370189584,-2.03551047489,2.0
1.12145134278,-2.1037782974,2.0
1.21571847447,4.54263230946,1.0
1.28830965518,2.69695082249,1.0
1.76953074811,-3.49137213249,2.0
-1.82883425798,-4.78171857023,0.0
0.0556580432154,-3.48894771395,2.0
1.10484158009,-2.84529109509,2.0
0.620982553182,3.54344921919,1.0
2.20109718389,3.60665209533,1.0
-0.826956591587,3.25868591136,1.0
1.64078205459,2.46598613512,1.0
1.51155064158,4.19901975923,1.0
-4.29846449843,-4.67051494224,0.0
0.55454856505,-0.231545789533,2.0
-2.64018490893,-7.44824551528,0.0
-0.105269434828,3.62122441028,1.0
2.14448570867,-0.389864691992,2.0
2.7708426168,3.13129906695,1.0
0.540071752175,1.47099994923,1.0
2.65219446429,-1.73637956243,2.0
-0.711049963289,3.47740988112,1.0
0.656700586986,-1.34511735951,2.0
-4.70035312349,-8.3779284678,0.0
-0.666865191305,3.38921990975,1.0
-3.10356889537,-6.67698043332,0.0
0.637764079718,2.2067204536,1.0
0.0961773496171,2.40147024484,1.0
0.886659594839,4.20586694551,1.0
0.109387819644,2.68499939892,1.0
0.270245196698,-0.891404220069,2.0
-0.411542755538,2.81141644634,1.0
1.07884156631,3.2437024092,1.0
-3.5268706928,-5.58448283375,0.0
1.55737803181,-3.54242486027,2.0
0.873587151829,4.25140426946,1.0
1.33458801891,-3.49675758044,2.0
2.05454421932,-2.63222651801,2.0
-1.92327878512,3.12615862473,1.0
-3.44125845862,-7.24493908983,0.0
2.09813051742,-1.8068091514,2.0
0.322821481357,-0.845268700653,2.0
-0.636788723122,4.45299017559,1.0
1.52575993145,3.41364205735,1.0
-3.19621139134,-7.47060130561,0.0
1.38185488723,-1.94937957441,2.0
0.183669636065,-1.43706015027,2.0
-0.79479686068,-1.57449677915,2.0
1.31135515427,2.44085013958,1.0
-3.46997105291,-5.65352088381,0.0
1.59561393134,-2.92497196506,2.0
-0.269897986404,2.39839615751,1.0
-2.77259582018,-6.91958601802,0.0
2.37532944264,3.29127874969,1.0
1.10568710676,-2.64506573164,2.0
2.23973471203,2.94602875463,1.0
-0.327701066157,3.60313755076,1.0
-2.42056856256,-5.68649463471,0.0
0.240472211616,1.0309535297,1.0
2.5182473697,-1.00576547421,2.0
1.56015733382,-2.94699857052,2.0
-1.79120166141,-7.44486655728,0.0
0.276607571716,-2.5886757995,2.0
-0.74457088312,1.78210043905,1.0
0.189628152119,2.62270441165,1.0
-0.28067853144,-1.67561216644,2.0
-0.972258861056,-1.27013326785,2.0
-2.92568495026,-5.8785776418,0.0
-3.35473813731,-5.34682467524,0.0
-2.1391187182,-7.11579169934,0.0
0.351280448999,-2.14412182582,2.0
-1.45742054635,-7.2382909044,0.0
0.0220593979403,-3.14404858899,2.0
-2.42258044114,-6.17850006693,0.0
2.0953069348,2.58212611371,1.0
0.786024556152,3.45368305499,1.0
-2.54024058225,-7.13376672298,0.0
1.18656266364,-1.07186300061,2.0
2.01396149024,-1.1489081408,2.0
1.33772691873,3.57170459691,1.0
3.75515053799,-2.66181707132,2.0
1.36918644675,2.95536166435,1.0
1.6524952424,-3.00656608852,2.0
-0.0572200584625,-0.969948399839,2.0
-0.311412528003,4.47510677923,1.0
-2.18181832155,-3.47312068749,0.0
-0.936600673688,-7.36369514076,0.0
0.903391761967,-2.88300336592,2.0
-2.46616375698,-7.44690811987,0.0
1.58781615279,-1.83819998471,2.0
-1.46432880569,-8.73011333373,0.0
-2.88454161795,-8.2379875081,0.0
2.53651300493,-1.91692780675,2.0
-2.24142183615,4.11402791045,1.0
-0.887340440786,-0.253424864798,2.0
-3.02031274382,-7.02709147943,0.0
-1.38075402613,-5.32430476995,0.0
-0.554901413378,-1.85987705847,2.0
-0.409895390357,2.17804621966,1.0
-2.14154977516,-6.10601570962,0.0
0.70285427351,2.79962462948,1.0
-2.54376320442,-7.39553754722,0.0
-2.43615811565,-8.58890370723,0.0
0.259286795565,-0.558177487088,2.0
2.8060447487,3.42895973662,1.0
-0.349693208134,1.74990931756,1.0
-2.19980305345,-6.44621298127,0.0
0.591494505136,-0.882632999554,2.0
-0.522300032089,2.24107759382,1.0
0.645227459892,-0.714789038772,2.0
-3.18231647054,-8.59741360352,0.0
1.82610071251,-2.5359675826,2.0
0.854877635453,-3.41117780333,2.0
-1.41826251192,2.75246827305,1.0
-2.3902609786,-7.40921587762,0.0
-2.51766412286,-7.57966997882,0.0
-2.6606541487,-6.11072935755,0.0
0.150495026534,-2.62406845299,2.0
1.80302782952,-2.71724660238,2.0
-0.894420209423,-6.49820621249,0.0
-2.61848776463,-7.61951425575,0.0
0.118797120782,2.90844927055,1.0
2.46149501884,-2.22630340424,2.0
0.144975849503,2.2583128596,1.0
-1.49017486051,-6.32251454771,0.0
-1.41303963094,-6.20959660479,0.0
0.688665612572,-0.854700846716,2.0
-0.8615341418,-6.46973824476,0.0
2.97466614191,2.03021717074,1.0
-1.12048694876,-7.8093712844,0.0
-3.86055424537,-6.06741446895,0.0
2.19209315642,-1.91212816763,2.0
-2.83091792922,-7.39844072968,0.0
-3.6231926487,-6.90644549506,0.0
-1.25906508556,-6.39636351501,0.0
-0.480182776371,1.95944264374,1.0
-1.443811718,-7.01501792345,0.0
0.993799503075,-0.723870013559,2.0
-2.68857632646,-6.73385314521,0.0
-0.587126552389,-2.36745361001,2.0
1.13077368311,-0.15060178025,2.0
-0.723614475722,5.41039923813,1.0
-0.472754077341,4.21561882132,1.0
1.79322941599,2.1986928635,1.0
-0.603629953484,-4.8217807889,0.0
-0.570349836957,2.21337761444,1.0
1.41045972063,-2.93958803212,2.0
-2.09641670604,-6.89226137813,0.0
-0.787775586789,4.35432671665,1.0
-1.20319573378,-4.54602410067,0.0
1.4627145154,-1.89117123358,2.0
-1.74950803737,-6.54082294311,0.0
0.303716817853,2.87403361157,1.0
-3.29475503133,-7.0182265728,0.0
-3.24428318931,-5.08762356556,0.0
1.4644800961,-2.47967214043,2.0
-5.32667715398,-8.52497056827,0.0
1.65375998667,-1.90243385481,2.0
1.58824689534,-3.91582270185,2.0
2.50414461394,-1.09732265213,2.0
1.00352147506,-1.32346479579,2.0
-2.6279341714,-6.81566317984,0.0
1.60188746761,-4.19236098573,2.0
-3.49844533319,-7.51987627282,0.0
-0.246901198253,-7.13766456653,0.0
1.09452976537,-2.68224575938,2.0
2.66912997217,-1.63087882056,2.0
3.0178628884,4.63016248388,1.0
-1.58951980081,-7.60943145872,0.0
1.55554831127,-1.40100768898,2.0
1.97498866893,-1.18608347128,2.0
-1.58532006783,-7.6010967248,0.0
2.68492004048,-2.61943870278,2.0
-5.17666817676,-6.38459914295,0.0
-3.20779854075,-6.12118477041,0.0
0.622065751825,-2.44735390184,2.0
-3.49442257684,-8.80896844751,0.0
2.20621145578,-1.08383838731,2.0
-0.674161419431,2.29589106673,1.0
0.0649364050638,4.27799770921,1.0
1.02993632238,-1.51843490375,2.0
-3.73442659043,-6.03275254,0.0
-1.70702525465,-7.10001885705,0.0
0.675298448921,4.11869605411,1.0
-0.0300903483999,-1.86506340148,2.0
-4.7085524205,-7.24674559481,0.0
0.314154325356,-2.39644342891,2.0
1.26772957627,-0.678459002183,2.0
1.08444022666,3.54812679483,1.0
2.66317218194,0.990263845989,1.0
1.48786924374,-1.17559858669,2.0
-2.3657731826,-5.06953859124,0.0
0.257118778826,1.94556038536,1.0
1.32545822567,4.04359493978,1.0
-1.82451799825,-7.15114670667,0.0
1.82572159126,-2.05738377776,2.0
2.84023134502,3.42954005148,1.0
1.07619273515,-0.659139111868,2.0
-1.31355163846,-6.0429572446,0.0
0.348597825037,2.84409561253,1.0
0.167492915485,-1.35831347694,2.0
1.49195950361,2.44065471466,1.0
1.07309775553,-2.11796437181,2.0
1.1430387991,3.59104618838,1.0
1.03960088937,3.42270777574,1.0
-1.86559776442,-1.87866880319,2.0
-1.36685967801,-2.6964706226,2.0
-0.0908546603308,4.53177438701,1.0
1.20658624452,2.38499136869,1.0
1.95177536265,-1.87716802871,2.0
2.30443424013,-0.659895234335,2.0
0.124989327995,2.80295767056,1.0
1.57362832987,3.99867821476,1.0
0.510533856611,3.68816356024,1.0
2.16599108536,1.5741922898,1.0
-2.06140211322,-6.51860449161,0.0
-0.0170338876912,-0.694060549554,2.0
-2.29997655187,-6.446018604,0.0
-0.541249756183,-1.8252035893,2.0
0.559695799302,-2.8396317911,2.0
0.763123404123,2.36597201166,1.0
1.14099214121,4.26203018601,1.0
-2.46796013146,-5.19793361416,0.0
0.956224573668,2.27234157148,1.0
0.563873010654,-0.639488381665,2.0
-0.272432835797,-2.37088070803,2.0
0.375150416137,-2.10702305378,2.0
0.664827193144,-4.17597317512,2.0
-3.02976218295,-7.27047337408,0.0
1.03741631243,2.28119248617,1.0
-0.24075619127,3.99670821989,1.0
-4.45994390753,-5.93076737358,0.0
0.244166370106,2.96298606144,1.0
0.67954377306,3.22831243984,1.0
2.98448871686,3.61552381702,1.0
4.28078738354,-2.88777892269,2.0
-2.77501379215,-7.63066656582,0.0
-0.451290223825,2.76161866796,1.0
0.973915377158,2.63094175595,1.0
1.61499815818,3.4370489251,1.0
1.42651176493,1.95213150663,1.0
-0.631268361078,-3.34812309769,2.0
-0.638157542397,3.05127099995,1.0
-3.889235327,-6.69317192343,0.0
1.6672625842,2.12698563685,1.0
0.988070693963,-0.838377332401,2.0
-1.09875171125,3.54755420864,1.0
-1.2629123543,-4.87447812326,0.0
-2.28505006987,-7.02905365983,0.0
-2.73816710596,-6.46814879215,0.0
-0.488336878154,2.98283894256,1.0
-3.18878235524,-5.18948309119,0.0
0.892880461849,3.10115689891,1.0
1.88201078722,-3.24332725426,2.0
0.182882391764,-1.35841476458,2.0
2.82776013827,-1.5042807617,2.0
2.31364448339,-1.45418840222,2.0
0.0189439222908,3.65162778181,1.0
0.347445860738,-3.10254838525,2.0
-3.75403024607,-7.81646208784,0.0
1.15464742408,0.753116864394,1.0
-2.11350004252,-5.77228652268,0.0
2.16396352012,-1.52414766623,2.0
2.30528586766,-2.50880660178,2.0
-0.965100585594,2.12413779311,1.0
2.85941203603,-1.03509183117,2.0
-4.32950975112,-5.84173903099,0.0
-2.50562898399,-7.21581477519,0.0
1.46018443855,2.63099849972,1.0
0.840294745997,3.05561649365,1.0
1.7233893519,3.58250722219,1.0
1.52864381527,3.31414124181,1.0
-4.29868367247,-8.56051007924,0.0
-0.107367581128,2.54426004099,1.0
-1.18869645009,2.7395975619,1.0
-0.334322955957,-1.57963663313,2.0
0.228026733277,-5.1986400783,2.0
1.8655396892,2.99775131704,1.0
-0.061510953758,2.91767163699,1.0
-2.94602628629,-6.61066919417,0.0
-1.84452190704,-5.80917896931,0.0
-1.52282165506,-7.33327865545,0.0
-2.39250688199,-8.84185722631,0.0
2.11022304974,-3.44723058884,2.0
2.06286979452,-2.40305505342,2.0
1.71656960137,-2.89766732738,2.0
2.80065618121,-1.25959308585,2.0
-3.18151146432,-5.41188334302,0.0
0.670371801836,-1.89654907126,2.0
1.06262672198,2.46719856226,1.0
0.959918957139,2.65478227992,1.0
-0.350768484267,3.57862669862,1.0
0.790098944923,2.78195945302,1.0
1.33319100157,2.34244696124,1.0
0.492261014586,-3.63968093205,2.0
-0.079801404523,2.80402646441,1.0
-2.64466914126,-7.46670440166,0.0
1.08326918002,2.84602416144,1.0
-3.11639968818,-7.7038738999,0.0
-2.6874818478,-5.50643709687,0.0
0.0575683121818,4.20670248659,1.0
0.114139389699,4.04812615448,1.0
-0.53121334839,2.55584264408,1.0
-1.9940214075,3.45153510018,1.0
0.981443188921,2.40032781048,1.0
1.21700024195,4.86465307605,1.0
1.30345153289,-3.95591685564,2.0
1.68831514166,-0.853419684145,2.0
1.00707102234,3.25962990822,1.0
-3.49997641761,-8.21951252385,0.0
-1.87570192619,-5.39774825517,0.0
1.25050785501,3.03512641241,1.0
-0.828827159358,4.49929206209,1.0
-3.02726767379,-4.83263557427,0.0
-0.297218922884,-3.80919966395,2.0
-2.06070751617,-8.96099744846,0.0
1.64739740002,-2.33794767611,2.0
1.20746913503,-1.90961937993,2.0
0.213056743136,-1.71379451286,2.0
-3.15859672509,-5.13457653292,0.0
-1.42459826062,-6.37256693103,0.0
-0.152537521792,-2.53464236881,2.0
-1.92970742145,-5.66165542792,0.0
1.47973740127,1.58471630237,1.0
1.07051160741,-2.15966654171,2.0
0.894424185395,-0.991267821961,2.0
-0.287851626438,4.05479383937,1.0
1.17324948424,3.14654573418,1.0
0.6440629528,1.36042234519,1.0
0.10075481328,-0.202651995907,2.0
-3.54197726935,-6.04212002258,0.0
1.86205057955,-1.29569376689,2.0
-1.49627774683,-5.5037247418,0.0
1.16345047208,-2.03565680833,2.0
0.991268393587,2.84467260264,1.0
-4.28619759785,-9.43359299131,0.0
-2.76151371604,-6.12586851602,0.0
-3.7056294265,-6.28534531744,0.0
-2.9637342469,-7.99937070866,0.0
-2.660540151,-6.84947120471,0.0
1.11368457732,3.37249838734,1.0
1.83774112663,-1.81455966695,2.0
0.430412911185,-1.85966460299,2.0
-3.29968562833,-7.75439878627,0.0
-2.35393802746,-5.7603087955,0.0
-3.68716610736,-6.38696278652,0.0
-0.951540447727,4.6177070274,1.0
1.44186554381,-0.831555248814,2.0
3.00923963896,-2.61336090329,2.0
-0.512359672987,3.87293402799,1.0
2.10555764077,-3.54905081175,2.0
-3.51702863605,-6.33537137872,0.0
1.46501512493,3.83028975265,1.0
0.246982894104,3.58266875243,1.0
1.55138731129,-1.38392851562,2.0
1.10170913589,0.330453395414,2.0
0.169587578778,-1.66989760724,2.0
-2.89158409523,-5.98087774304,0.0
0.129616593034,2.072645324,1.0
-4.06537078526,-5.4322110205,0.0
1.82646403912,4.13456432937,1.0
2.45219237471,-2.26948548026,2.0
-3.45463919873,-6.62577512837,0.0
1.98988018887,1.77181735375,1.0
-3.75128217831,-9.66568572841,0.0
-3.02136103566,-7.7237449099,0.0
1.71459677894,3.71825940026,1.0
-0.0470932611903,3.82833152376,1.0
0.640959563676,0.117000017022,2.0
2.10543718379,-3.1155812544,2.0
0.59177793631,-2.14743899339,2.0
-2.70979709387,-7.27505936844,0.0
0.518043333211,-1.25679125159,2.0
-2.69649113409,-5.62231133345,0.0
0.808846694136,3.40817929284,1.0
1.5739342074,5.4293765629,1.0
0.755540294043,2.96702887937,1.0
0.385385495622,4.02201440807,1.0
1.94911598321,-1.53850773454,2.0
2.46575182098,-1.59680718186,2.0
-3.87464335001,-8.0732368617,0.0
2.26221894645,1.54277198072,1.0
-3.53086907371,-6.59867654145,0.0
-4.33119215788,-6.09268514341,0.0
0.353109079663,2.46544530925,1.0
0.626888244874,-1.06911825313,2.0
2.32461737965,-3.31914183602,2.0
-2.6038442392,-7.07688708782,0.0
0.325867292619,2.68004752572,1.0
-3.07745002366,-7.51943893117,0.0
1.465875129,1.53208094095,1.0
1.52013202586,3.01911108419,1.0
0.505818966505,4.76590456386,1.0
-2.5964544171,-7.6368404493,0.0
1.4281383545,2.98739890825,1.0
0.339041155346,4.32453791871,1.0
-1.6741704428,-8.26810574295,0.0
1.7658041027,3.86064452249,1.0
-2.67561353692,-6.39816976945,0.0
-4.09669477933,-5.88667883797,0.0
1.92732751346,-2.98663043301,2.0
1.77512916522,3.81878100365,1.0
0.844834023347,-1.99572812433,2.0
-3.13126358031,-6.49932993502,0.0
0.538162798642,2.75924759683,1.0
-3.80896665579,-7.49642846371,0.0
1.49823599949,-1.41657312211,2.0
0.180730959128,3.83214980174,1.0
-4.4419318621,-8.57739751749,0.0
-3.15229701727,-7.78893905162,0.0
1.24997232593,-1.24387498137,2.0
-2.86551719323,-6.13333307124,0.0
-1.94999883143,-5.08366475819,0.0
-2.78084282644,-6.14443232314,0.0
2.14360360537,3.39840407088,1.0
-2.04631736992,-7.14984385106,0.0
0.119008115663,1.8961900898,1.0
-2.55829673342,-6.38427413712,0.0
1.00289092574,3.48838209387,1.0
0.165899326333,2.14226802986,1.0
0.949394493188,-1.7238309057,2.0
-2.46259140861,-6.50965391723,0.0
-1.25954064256,-7.24878572093,0.0
1.82625091865,-0.534392124699,2.0
1.31695322136,-2.45796203336,2.0
-1.93306861017,-8.22240768408,0.0
1.22077501452,2.53709089724,1.0
1.33986364476,-3.43617098276,2.0
0.00216628258713,-1.36540953543,2.0
-5.24679623691,-7.84047009971,0.0
1.13485140999,3.87738037011,1.0
-0.0822429341015,-1.56406200639,2.0
0.724262033503,2.02391155432,1.0
-2.41862655818,-4.08946673303,0.0
-1.98849844623,-6.86276651998,0.0
1.74549528041,3.18388607278,1.0
-0.526836230709,1.5632969974,1.0
-3.58399399544,-5.56192144101,0.0
-2.25949791872,-8.13123512829,0.0
0.819322710635,-0.519417886759,2.0
-0.489091181979,-2.48797700484,2.0
0.450078391532,-1.5550862695,2.0
-0.137194652232,0.142501330005,2.0
0.995842138867,3.57904022716,1.0
0.887813299799,3.95712798415,1.0
-2.40583331904,-7.81550929955,0.0
0.428127043675,-2.68183935456,2.0
2.09366096085,-3.74278127648,2.0
-4.9064404024,-6.59135477906,0.0
0.829356497052,1.81014629976,1.0
-0.916208300571,2.75258468864,1.0
1.36141729476,2.21872278744,1.0
1.79933758428,3.25640446464,1.0
3.1104528907,-1.85293263155,2.0
0.730952698929,-3.7763450863,2.0
-3.16086665688,-7.60597921133,0.0
0.10671957868,0.600488232187,1.0
-2.12559793485,-6.52361156823,0.0
2.46231874505,-2.31969222884,2.0
-2.44910776401,-6.60794468339,0.0
-1.28011284815,-7.32042148885,0.0
-2.24434812622,-6.09424974449,0.0
-0.226248127409,-2.85800187838,2.0
2.26794024254,3.06597017233,1.0
0.562732025778,4.76370100662,1.0
-2.29285675012,-7.69597898472,0.0
0.546672836969,-4.41264697578,2.0
1.35951296134,-2.27734992991,2.0
-3.35231282654,-5.69358182636,0.0
-4.05497689008,-6.13717066851,0.0
0.744943701119,-2.31172303912,2.0
-1.37575304155,1.82671139645,1.0
-1.28722100802,3.42188056961,1.0
0.898160105883,-1.54457302156,2.0
2.37408523665,0.217613655319,2.0
-1.46479557136,-4.87130979706,0.0
-0.0630840251867,3.71191870123,1.0
0.327818737009,-2.2602100954,2.0
-2.59308240158,-7.14038988951,0.0
-3.37405350584,-5.97456237237,0.0
-0.397292595516,1.41416267943,1.0
-1.91777943249,-7.91918907758,0.0
1.81300692773,1.4441870539,1.0
-2.91271053167,-6.08406284125,0.0
0.106741348534,-1.97001410682,2.0
-0.246992117303,3.91266751935,1.0
1.21380028971,-2.04084078734,2.0
0.468352862985,3.35569152389,1.0
-2.75086448987,-7.45542565395,0.0
-3.70333689028,-4.70685456253,0.0
-2.22698696251,-5.72552166131,0.0
1.26557869721,2.621971262,1.0
1.04843543462,-3.0453520002,2.0
2.02832792454,4.03134850462,1.0
-0.0253817719603,4.22600852645,1.0
-0.0724491401176,3.04062665257,1.0
-3.21263625368,-5.65949014459,0.0
0.653635823921,2.98646790643,1.0
-1.23923982441,-1.53863265614,2.0
-1.30576318969,3.1923057582,1.0
-0.0503057463766,3.06774801566,1.0
-2.43549948247,-8.42129385918,0.0
0.409197915669,-2.09774717042,2.0
-2.04994438434,-6.80651396616,0.0
1.96252005856,-3.16070305326,2.0
-2.19612291264,-5.93816669631,0.0
-3.75479944251,-6.48771381758,0.0
-1.22459353819,-6.29866947537,0.0
-3.4365571423,-6.83466319238,0.0
1.47173436433,0.323351467704,2.0
-1.06932960904,-7.30075679075,0.0
-0.146866735548,3.53127532822,1.0
-2.36203343883,-5.77544764502,0.0
-1.67589766428,-5.25277319736,0.0
0.0763992094158,-3.20942269046,2.0
-1.76163015379,-6.9626496845,0.0
1.72527397116,3.35988962295,1.0
0.0277500120926,2.75214543063,1.0
-3.00909921328,-6.12560381974,0.0
-4.15607934807,-6.41960816541,0.0
-2.42469042208,-6.09465972431,0.0
1.13727844813,2.76093122318,1.0
-3.23439514164,-7.34552317405,0.0
1.41460915367,-3.55920136831,2.0
-3.21225295007,-5.9075076075,0.0
-3.38908481545,-4.85109367086,0.0
-1.85758859934,-7.36516834061,0.0
-3.13166267761,-7.30782675338,0.0
0.693210927328,-2.10540114972,2.0
0.831175374356,-1.69977359842,2.0
-0.236624009047,3.01724856415,1.0
0.561388712673,3.75204142282,1.0
0.486980630824,3.20866943947,1.0
1.02046546834,-1.22192861289,2.0
-0.421991180473,-2.36591203217,2.0
1.9227107291,-2.57585312019,2.0
-4.28128572685,-6.57850410901,0.0
-5.32286860228,-6.19066159998,0.0
0.954316401286,-3.14529940281,2.0
-0.570034824897,-2.00569658713,2.0
-2.44448223495,-5.26493013584,0.0
0.620997163263,-2.22620231728,2.0
-0.541155403023,3.49595789711,1.0
-2.70397328471,-8.10677667024,0.0
1.72888064112,-2.77148456996,2.0
0.672800123349,-2.42470427328,2.0
0.340735050757,3.01440952892,1.0
-2.70635373277,-6.2365109002,0.0
-1.84565436146,-6.94751718151,0.0
0.744105010141,3.12700424414,1.0
-1.52774841868,-6.38643107054,0.0
-2.34048687206,-5.21071770411,0.0
0.184666496955,2.12020486772,1.0
0.499028210474,2.3414469309,1.0
0.51595751282,2.05374965622,1.0
1.06488725034,-3.64285404008,2.0
1.4637138132,-1.60587457425,2.0
-2.18006367832,-5.83838532849,0.0
1.12280210505,-3.87560449158,2.0
-0.580316304603,3.21585887047,1.0
0.778009087627,-1.63511923596,2.0
-3.12522305428,-7.46884069942,0.0
1.80395967392,2.12765144455,1.0
0.900829318133,1.84355100302,1.0
2.19148879774,-1.38006563825,2.0
1.39380437883,-2.43360979223,2.0
-4.23310574044,-5.95625146101,0.0
1.2016308375,-2.19176470399,2.0
0.524959249251,-2.86635764608,2.0
1.6366187736,2.61352160039,1.0
0.104853043136,2.08958264725,1.0
-1.21704392461,3.89863777545,1.0
-0.0076197414019,-2.07086815971,2.0
0.760875452671,3.80473990369,1.0
2.5151718403,-1.4209012672,2.0
-0.629414849515,2.15346463783,1.0
1.5423802736,3.79145918688,1.0
1.22398594905,2.3915183766,1.0
1.03272967608,3.02340210273,1.0
1.27481587193,-3.1887834218,2.0
1.38021111331,3.04322518339,1.0
0.232302525052,-1.92758112403,2.0
-2.78053531636,-6.72096913344,0.0
-0.0881173511789,-2.58826688064,2.0
-4.13833730894,-5.67050493281,0.0
-1.43874431004,-6.29847271115,0.0
-1.83403273299,-5.45094341011,0.0
-1.35557289616,-1.71301982534,2.0
1.67002674878,2.86049646826,1.0
0.811506660979,4.914835291,1.0
0.677558870399,3.23527528486,1.0
-1.17333845177,-2.10155069499,2.0
-0.758286948496,-7.93385630469,0.0
1.01992382866,2.73325438155,1.0
0.84743940933,-2.07697783171,2.0
0.530360852941,-2.67588194799,2.0
-0.78572067745,3.25418993277,1.0
1.26676511743,3.43596943004,1.0
-1.08503105609,-6.21653189055,0.0
-0.578471030141,3.20631915016,1.0
1.15334842593,-1.57030486586,2.0
0.539069190709,3.74997467818,1.0
-1.82088299351,-6.24115967498,0.0
-1.41262076938,2.03868388663,1.0
-4.05932978102,-5.33810226054,0.0
-4.50781250935,-5.14773847391,0.0
0.471547407798,2.6594555733,1.0
0.835805848742,1.94923346121,1.0
1.00277521925,-3.08199184407,2.0
-4.7539209102,-4.42688010917,0.0
0.934092353384,-1.69407645418,2.0
0.557708575934,-3.18077861177,2.0
-2.81108965815,-7.26591093878,0.0
1.85122377711,2.5769876252,1.0
1.30533291601,2.61545976779,1.0
-0.321663843634,3.10807825083,1.0
-3.27288342687,-7.03038240307,0.0
1.31575312762,3.74758322609,1.0
0.318436290239,4.91797982082,1.0
1.41799626756,1.59988109378,1.0
0.0885658615424,3.92907373206,1.0
-1.15861434658,-5.15470225476,0.0
-1.37675716886,-7.06290102465,0.0
1.45816672367,-1.47580853749,2.0
-2.94357754093,-6.02113302164,0.0
-0.58182334816,2.93293401449,1.0
1.79159982384,-4.6908938512,2.0
2.03549513881,-2.71924698461,2.0
0.85357870264,-4.37125288339,2.0
-2.93375198704,-5.77209655831,0.0
0.694973321577,3.44441255186,1.0
-0.421245723431,-2.18213395899,2.0
0.411988025354,1.71376179209,1.0
-2.94375406863,-4.71420776679,0.0
2.20207476537,-2.02417702668,2.0
-3.15103068788,-6.10980297969,0.0
1.01046196932,2.95603623733,1.0
0.0420429436876,2.49397013763,1.0
0.420897242914,3.70654602161,1.0
1.85846805311,-1.87024340641,2.0
0.608391042135,-2.26873199981,2.0
1.38697129855,-1.06758354649,2.0
0.266561748839,1.48582655267,1.0
-2.15149081363,-6.51366233742,0.0
0.806160359848,-1.36692151549,2.0
0.806477364446,-1.30249261126,2.0
2.03880357525,-0.0723316332582,2.0
-0.774683061271,0.31730809055,1.0
-0.023160826837,1.83786361059,1.0
-2.16010618152,-7.81216023186,0.0
-1.28773698178,3.56246783728,1.0
-2.87859525301,-8.18291168085,0.0
-0.609434625407,-5.50505291534,0.0
-1.37630511852,4.31217102089,1.0
-1.49272888842,-7.03777040747,0.0
-0.149182652959,-0.552206821707,2.0
2.40099203375,-0.433080659249,2.0
-3.05887908415,-6.21886651282,0.0
-2.42770152089,-5.37990568819,0.0
-1.50507671423,-5.07119990313,0.0
-2.24281648556,-7.42022053575,0.0
0.487006737505,-2.54153466289,2.0
1.36047416259,-1.86909787813,2.0
1.71778752913,2.38082422493,1.0
1.23501616238,-1.86465874878,2.0
-2.58385787509,-6.97100515906,0.0
-2.20836957399,-8.43689907762,0.0
2.3510523087,3.4291349024,1.0
1.36501084489,3.97692483044,1.0
-1.95942498793,-0.743311208882,2.0
0.682302625762,-1.22692749372,2.0
1.65985038736,5.04628241156,1.0
-2.4756634255,-6.48161611253,0.0
0.801680538453,3.22105148432,1.0
-3.27535997292,-8.09883757483,0.0
-1.59467556898,-6.67240560511,0.0
1.1348535592,-1.95729920664,2.0
1.08749598516,-3.1771524817,2.0
-1.69209940889,-7.85245854664,0.0
1.44937602082,-1.70361861613,2.0
-2.10083866581,-5.15898550029,0.0
1.42731842531,4.65159327135,1.0
-0.576054257176,4.67734206627,1.0
-1.86908057605,-4.66717243162,0.0
0.975367600761,0.675437088088,1.0
0.112139294569,3.64306573993,1.0
1.39473796607,-1.59138326687,2.0
-3.66176296285,-5.97644764661,0.0
0.483911802672,-1.84352341682,2.0
0.197214219395,-3.46436554512,2.0
0.463221180127,2.63072578197,1.0
-0.0865419879794,2.67902304574,1.0
0.95680858411,2.11041414252,1.0
0.894546526359,3.0920158918,1.0
2.06394227043,-3.79619887865,2.0
2.24918375618,2.04137162942,1.0
2.31267335237,2.00648810158,1.0
1.20983327457,-1.47702130268,2.0
-2.42219409975,-6.80477084023,0.0
1.37795174407,-4.56511565061,2.0
-3.01867957982,-7.22194106653,0.0
0.0342228092852,-1.56307492024,2.0
-0.425820427464,1.55321844526,1.0
2.18030993415,3.56709644662,1.0
-3.26159647098,-7.02267597813,0.0
0.758903073411,3.33047044048,1.0
-3.05461420517,-5.75330568192,0.0
-2.34823042274,-6.15454119081,0.0
-0.920563862464,2.83571417598,1.0
-2.34022169954,-2.7393412086,0.0
-4.09262965533,-5.7513140521,0.0
-3.1853712193,-7.18958485384,0.0
-1.23119038772,-7.09672242245,0.0
0.660258349642,-1.18538780952,2.0
-3.64174958489,-6.92535150507,0.0
-0.202280887045,1.99753427361,1.0
-3.22876429093,-7.61788893669,0.0
-3.62532301939,-6.43408576794,0.0
2.07344455449,-3.25139924791,2.0
1.58059194377,-2.77819670645,2.0
3.02072660924,-1.4644092288,2.0
1.31351019016,-2.91839100798,2.0
-0.716845506578,3.66513204613,1.0
2.39530360698,4.39139109316,1.0
-2.65844923062,-10.0940725973,0.0
0.0270269960964,3.3595330768,1.0
-1.28292663791,-6.6682484183,0.0
2.0335576189,2.88275980925,1.0
0.704965285581,-2.18289949485,2.0
-0.809881846535,-1.38164351788,2.0
1.61847764211,-2.94422722882,2.0
1.83371756309,-2.53961758337,2.0
0.247076017974,2.53036987089,1.0
-2.08462867625,-6.62407786587,0.0
2.39455119445,-1.2850763769,2.0
0.133293562865,2.27328680482,1.0
-1.99000879279,-8.08422828552,0.0
1.44908359008,-2.15467711112,2.0
0.570934577323,3.09521768004,1.0
1.24414874705,-1.68535600203,2.0
-2.77330025943,-5.1658421841,0.0
2.03220352298,-2.80279081075,2.0
0.849630693162,-1.64371286934,2.0
-2.85396524635,-9.67914841225,0.0
1.9696380337,-1.85486653513,2.0
-1.8869247345,-6.75003252028,0.0
-1.42281002323,2.41220274487,1.0
-2.51749998154,-5.10571821821,0.0
-3.15782964396,-7.15170523677,0.0
1.34657222352,3.6481900809,1.0
0.0679391936411,-1.74119239385,2.0
1.43849976187,-0.249993548734,2.0
0.72246420018,3.68503803938,1.0
0.302085187672,-0.792040127011,2.0
1.25304182432,3.41485640042,1.0
-1.40038364465,4.6088010681,1.0
1.73190245909,-5.44960499162,2.0
0.0971873749053,3.31444675357,1.0
1.41001565922,-2.31791109042,2.0
0.0328173046274,-2.26454684702,2.0
-1.56277507861,-7.0642513458,0.0
-1.99840435286,-7.41563960084,0.0
0.711255541609,-1.24425332621,2.0
-1.42790361217,4.07887400626,1.0
1.50635767118,5.00349874787,1.0
1.77417231964,-1.93522801733,2.0
-0.236234936571,2.29744664817,1.0
-0.183324877789,-3.34841425382,2.0
1.1760972803,1.93818903128,1.0
-1.90042414437,-6.37248000533,0.0
0.300008036088,-0.0273385571032,2.0
-0.276100515777,2.79695811382,1.0
-0.173656082597,2.69256999854,1.0
-2.83929175629,-7.54882159815,0.0
1.38943083912,-2.22375929914,2.0
2.30483840349,-1.48529253176,2.0
2.81642229127,-4.00704206476,2.0
1.31475828797,-0.669958318326,2.0
1.1506790823,3.59578478036,1.0
-3.56527397379,-5.07660790835,0.0
-0.696628130437,-1.51558449572,2.0
1.63722417303,1.58907254212,1.0
-4.18667667255,-6.51582006267,0.0
-4.32493659442,-6.29530699836,0.0
0.432485764228,1.21604061844,1.0
1.67637722976,2.89027326667,1.0
-0.613654014768,5.35757221185,1.0
-2.7601831501,-7.62037171665,0.0
-2.32922356403,-7.11641122055,0.0
-2.64129439514,-5.96560488449,0.0
-1.50678810686,-6.55762300086,0.0
1.66416821621,-2.7727503913,2.0
-3.21084775245,-6.41443011827,0.0
-0.583368368379,2.6246301131,1.0
-2.35532826753,-6.24776596129,0.0
-2.96059829091,-5.82039190683,0.0
-0.201333893027,2.90799808038,1.0
-2.92206240071,-7.71510788575,0.0
-3.00599017078,-5.69228231797,0.0
0.727855324032,-3.36812769622,2.0
-3.38633056175,-8.65661508212,0.0
0.344779018518,-1.58145219626,2.0
-2.98257628755,-6.91171079931,0.0
-1.84737574941,-6.53861513464,0.0
0.454425267801,3.62893061822,1.0
0.0741674044028,-2.75165752614,2.0
2.016234122,3.75601982832,1.0
-2.66615312521,-7.01073074739,0.0
-1.61686581435,-6.75116144337,0.0
-0.210537329001,4.57739634349,1.0
-1.604474672,-7.6565779698,0.0
-2.29497210605,-8.43317461816,0.0
-2.1829776856,-7.0709222078,0.0
-0.497624524263,3.13069415423,1.0
-0.449435230374,3.65906752658,1.0
-3.11553365052,-4.73219139808,0.0
-4.14571045373,-7.19457552254,0.0
0.832412037204,1.7865998272,1.0
1.96107749326,-0.35531702265,2.0
0.329212634217,2.67673301984,1.0
1.68502258583,-1.75571555011,2.0
-2.36126742608,-7.87276430006,0.0
1.04089780063,-4.00681932429,2.0
-0.000219439377968,3.12791613773,1.0
-1.75728272968,-6.7232313046,0.0
-0.936473877466,3.76617777156,1.0
0.244202266041,-1.37074410081,2.0
-2.3466606593,-5.14683499626,0.0
0.797293726163,2.54497536947,1.0
-0.0163733217028,3.09471891141,1.0
0.537068639105,1.88039288883,1.0
2.39834982349,-1.15742524248,2.0
0.240759729382,3.01497550732,1.0
-3.19719486214,-7.74946957056,0.0
0.363978409635,-1.21433670627,2.0
-2.40995963047,-8.6670708137,0.0
1.44594621378,-2.07659005548,2.0
0.603620814921,3.46125296375,1.0
-1.0025802874,1.35355523369,1.0
-0.316419707647,3.92030354906,1.0
-2.16743411632,-8.31688589029,0.0
0.765272390494,1.79887402997,1.0
2.01811560164,3.78894501369,1.0
-2.10412300593,-7.04978891906,0.0
-4.2780757659,-7.00218478561,0.0
2.75527848574,2.59724017595,1.0
-0.0118299472869,3.55645454238,1.0
1.17717044171,3.65149619375,1.0
-2.07431659579,-7.60338178485,0.0
-3.66614399515,-7.58138054521,0.0
0.506501727649,-1.0829627198,2.0
-3.48181584811,-5.04701122984,0.0
-2.45292770783,-6.40976616072,0.0
0.47720406747,4.04455525147,1.0
-0.063596613809,3.42506824389,1.0
2.8569366897,1.25536969383,1.0
0.218741475803,-2.0479047671,2.0
-0.587173938059,2.03785738195,1.0
-3.20100503921,-7.51708202614,0.0
-0.408787039293,-6.42657893813,0.0
0.552605121365,-1.17654911987,2.0
1.43857224633,-0.755393476413,2.0
-3.55549328157,-6.89988353314,0.0
0.00106130530191,3.55402721714,1.0
1.87600256575,2.49942456642,1.0
-0.125907801338,2.41255234711,1.0
-3.76856915966,-7.19604897528,0.0
1.73753329175,-1.23498827596,2.0
-0.330630475996,3.01408264252,1.0
1.63904376552,4.06168053875,1.0
-2.68638604604,-5.12621449225,0.0
0.976435325116,3.77561317676,1.0
0.447730810278,-1.67143057271,2.0
0.210910050365,-0.831516492442,2.0
0.438677936664,-1.71079432021,2.0
0.499636892162,-1.19627394596,2.0
-2.97927277833,-6.83249606517,0.0
1.95492781585,-0.636390960061,2.0
-3.54485862874,-6.99105393347,0.0
0.849561554493,-2.99399176351,2.0
-1.05137472308,1.78974230084,1.0
2.82225477528,-1.34878852362,2.0
0.290610829567,3.57434756139,1.0
0.560117851491,2.18728517023,1.0
-0.65604311496,-1.88743157954,2.0
-3.66387198335,-7.60163727533,0.0
1.23813658519,3.83456496908,1.0
1.08614398282,5.05728073222,1.0
2.61162692405,-2.13380721603,2.0
0.1268098156,1.71884720205,1.0
-2.83145694081,-6.26466597132,0.0
1.75739912122,-1.60710411857,2.0
0.695054785715,-1.59414627434,2.0
-1.69659078711,-6.98211035862,0.0
-0.427439590639,-2.3628232709,2.0
-1.65264003602,-8.18058732958,0.0
-3.58671159891,-6.9101748075,0.0
-2.02275300858,-7.77735564435,0.0
-2.96262868261,-6.99849170563,0.0
1.12429922619,2.97034271626,1.0
1.95790995601,-1.4769324618,2.0
0.223630109792,2.48406654314,1.0
-0.503583089014,1.09821959763,1.0
-1.702840666,-7.11964715146,0.0
-4.66382384612,-8.8661514289,0.0
0.49097062172,2.83669513352,1.0
-1.88245348409,-8.74170412326,0.0
1.11397302011,5.09972591534,1.0
0.921423064671,2.6690780742,1.0
1.67906286639,-2.3488621041,2.0
-1.96132163483,-6.30010272267,0.0
-1.6349980968,-6.35388429981,0.0
0.204247882894,2.5540960004,1.0
1.17032413037,-1.32786811128,2.0
1.75843762145,-2.10517751845,2.0
-0.749705783933,-6.59915431117,0.0
1.73384085911,0.924556501866,1.0
1.10673130952,3.00973796368,1.0
-2.79090010382,-7.03929368303,0.0
-2.47609624495,-6.94591736137,0.0
-1.66524303083,-5.84176215508,0.0
0.0894893892656,2.99056558622,1.0
-1.84041562476,-6.54036711631,0.0
-0.0427492507839,1.46032419983,1.0
-0.255655402565,0.0310960878481,2.0
0.622939378879,2.23991951817,1.0
0.161934176664,1.36166869457,1.0
0.278137462515,-1.70443775869,2.0
0.847522762147,3.75656005736,1.0
-0.922266077756,2.60818484988,1.0
-5.36794467049,-6.53844086028,0.0
-0.467133167262,2.35208584437,1.0
-2.39444466141,-7.16724786572,0.0
-1.58067186972,-7.20270942025,0.0
-3.11239145136,-6.51362980218,0.0
-1.52683366692,4.80555364344,1.0
0.0474029698422,-1.9103600782,2.0
-0.0983577183853,3.50423750234,1.0
0.243233841819,-1.98606011826,2.0
1.82919724353,-0.796636849973,2.0
-2.54835920178,-6.94212996984,0.0
0.624577857805,3.60554033339,1.0
-1.24220371123,2.50236320052,1.0
1.01363480159,-1.39613264998,2.0
0.33272586837,-2.5113648026,2.0
-2.26197362085,-6.46624070681,0.0
1.26265928692,3.90350177264,1.0
-1.61969390774,-5.43682120688,0.0
0.175198463704,-0.963299266297,2.0
1.49845991309,3.1900927766,1.0
-3.54114510519,-6.43611013666,0.0
-1.62483932608,-5.78608668939,0.0
0.569085638865,4.28842650197,1.0
-3.3770086007,-6.69480460889,0.0
1.19012587481,-1.30916904893,2.0
0.828648669996,-2.15608489314,2.0
-0.507796376305,-0.815179554973,2.0
2.83199268784,-1.42824252113,2.0
1.96622665828,-3.0800805615,2.0
1.610046646,-0.298316528403,1.0
0.445842651671,-1.81321170844,2.0
-1.72023558163,-7.75606611216,0.0
-0.169359567877,-1.22740213815,2.0
-0.729739790669,2.14137144746,1.0
0.245110535639,-3.24275715672,2.0
0.569616437423,3.27125256495,1.0
1.39477213223,-2.28876140637,2.0
0.57532957811,-0.754036908317,2.0
-2.90779816699,-6.87852302187,0.0
0.947805462304,-2.74841948778,2.0
-0.0129232649264,-3.69482956084,2.0
-3.56265961628,-6.37618794861,0.0
1.29705549355,-2.85545049519,2.0
1.22757127852,4.97356123185,1.0
1.25953095044,3.50494121351,1.0
3.06688473008,-0.86759488467,2.0
-1.00056169579,2.71079990408,1.0
2.23945407411,-0.381446520441,2.0
1.72843755939,2.58324841852,1.0
-0.136709864837,3.72610239856,1.0
-0.815509100166,-2.71583800358,2.0
-2.05169200748,-7.49160796412,0.0
2.40278189188,3.30808016369,1.0
1.76059485714,-0.892704575065,2.0
-0.159939333566,-2.63209013846,2.0
-1.17249782295,2.12904094191,1.0
-2.98037166705,-5.26791577581,0.0
0.235660904032,2.53148092791,1.0
-3.11556496529,-4.49596716612,0.0
-3.62651535004,-7.52460445398,0.0
-3.38701996008,-6.35664405896,0.0
-2.94874275392,-6.7074643785,0.0
-2.5622074188,-7.06703814809,0.0
-3.49741743827,-5.635583787,0.0
-3.03499451086,-7.46202064541,0.0
3.1402402742,-1.11496142649,2.0
2.0291710991,2.13815977802,1.0
-1.79097810601,-7.02855667566,0.0
-1.11652108132,4.11753129889,1.0
-1.11283781104,4.16536397507,1.0
2.63318151103,-3.68329891627,2.0
1.99164875875,2.61416271934,1.0
1.06959448208,-2.39019127573,2.0
0.466551824417,3.73966751541,1.0
0.228649662114,3.25411986898,1.0
-0.602510265015,-2.88191656105,2.0
1.20948272163,1.25138499409,1.0
-0.126737471073,2.87923071476,1.0
1.87672742481,2.84457337692,1.0
-4.71753683503,-5.82193269336,0.0
-0.523087758049,2.62129893243,1.0
0.458941339603,3.36563891917,1.0
0.697638065589,-0.123524110577,2.0
-2.47298592444,-7.77896392383,0.0
-3.4140523564,-4.98532921409,0.0
-5.14058515259,-8.18230646303,0.0
-2.44675506843,-8.32980798574,0.0
-1.99608503216,-7.48455640518,0.0
-0.711203503684,-6.82022027376,0.0
-3.53595166221,-5.21668860932,0.0
1.17001227188,2.52102283104,1.0
1.13665027528,-2.07409794788,2.0
0.815789608202,-3.57024197842,2.0
0.565110686465,2.79760482897,1.0
0.231314498477,-2.48941851936,2.0
-0.705890413737,2.59414390051,1.0
-3.36958017216,-6.04799893754,0.0
-3.57945611348,-8.76562706601,0.0
-1.68480127535,-8.51728552267,0.0
0.86100169138,2.63773739386,1.0
-1.93103454221,-5.95060701422,0.0
0.197126718137,4.64292855884,1.0
0.0266379226045,4.64180532543,1.0
-2.59972624045,-7.59645383915,0.0
1.7168089573,4.52414516297,1.0
-2.76622600723,-5.91723590896,0.0
0.796146404921,1.10130160616,1.0
0.428903061303,-1.26725429439,2.0
1.4323640233,-1.82137182187,2.0
-0.486838445614,-1.12125765481,2.0
-0.839578366172,1.91838052333,1.0
1.4471060144,4.12038825079,1.0
1.17126691246,4.04204718727,1.0
1.69532766708,3.92843204851,1.0
0.647232092899,-1.75014192168,2.0
-0.403490775126,2.42134540422,1.0
-2.0259578568,-7.97711010538,0.0
1.49123268312,3.2202284499,1.0
-0.148831812911,3.50666935894,1.0
1.06526657406,3.82030643236,1.0
-2.70447935137,-7.48292043772,0.0
0.681514406019,4.20522152756,1.0
-1.65069000594,2.95887399082,1.0
2.20689654106,-1.17935890855,2.0
0.310878917707,1.02455982476,1.0
0.875320690922,3.2436716851,1.0
1.0042687212,3.21991630039,1.0
-2.6818216619,-5.71691563286,0.0
-0.317332792939,2.12706496781,1.0
1.28078288955,-3.07252606696,2.0
1.83873950114,-0.445976596864,2.0
1.74005196782,-1.46146566874,2.0
-4.72377516056,-7.06534543237,0.0
0.740325607098,-1.01398390567,2.0
0.672241917527,3.21505443301,1.0
-2.76434226477,-6.70065324705,0.0
-0.0541311346386,-2.21927898882,2.0
-1.49227880332,-6.58786376555,0.0
1.23777578569,-2.73443509194,2.0
-2.30862400239,-6.0111096743,0.0
-1.46189592393,-6.85037946864,0.0
0.795491523038,1.24351410673,1.0
-3.44004168413,-5.90882416655,0.0
-0.486227607763,3.13317234872,1.0
-2.30874193116,-8.41303313636,0.0
-2.17087141281,-7.19746043694,0.0
0.444241037963,-0.727466381328,2.0
1.75209794552,3.54597302807,1.0
0.690133849222,-2.74518510313,2.0
-0.777340532792,-4.11357331854,2.0
2.3794622008,-2.2714969446,2.0
0.568913320936,1.82097357082,1.0
-0.00158352033835,-2.59955930524,2.0
2.15176206533,-2.23054789111,2.0
0.723363584054,4.86547695378,1.0
-2.03213879426,-5.96540810763,0.0
2.32058714385,-2.21195535669,2.0
1.01770065753,-0.514399386019,2.0
-0.656700373914,1.598210088,1.0
-2.41507052189,-6.54285548077,0.0
-1.96133884837,-6.48088611694,0.0
1.14314828971,1.62850048712,1.0
-0.243371227337,2.49585149506,1.0
0.872084019736,-1.80350729075,2.0
-3.09749183766,-7.51194410281,0.0
-1.97144777283,-5.92030397884,0.0
0.295166911329,3.72504449921,1.0
1.09778338252,-1.28282364669,2.0
1.75464534904,-3.22870476691,2.0
0.195162397496,-1.75277890924,2.0
1.88605853664,-1.00298815234,2.0
1.44706218831,-1.75828462647,2.0
-0.774321065622,5.11188352669,1.0
0.878986907892,1.97982954518,1.0
-2.97281874172,-6.58737928569,0.0
-3.73045749898,-5.8822056259,0.0
2.17073193046,2.98066363412,1.0
-1.88979721807,-4.82847348074,0.0
-0.316815124386,2.64402932827,1.0
-0.182139912815,-0.790175557169,2.0
0.716807153636,3.31840153296,1.0
0.269966370604,-1.89016877546,2.0
-1.52787796747,-6.2374487771,0.0
-1.9636752936,-5.86263960491,0.0
0.189452488221,2.69540680107,1.0
0.975363534889,1.43027660371,1.0
-0.23456637546,-0.0502278568498,2.0
1.64627404318,3.18643833621,1.0
1.31045704989,-2.15831218644,2.0
1.05348302702,3.05090651549,1.0
-0.540135694964,3.36728889027,1.0
0.0437331291396,1.81721247803,1.0
-2.71401493646,-7.85020497694,0.0
-1.86262133473,-6.71774240761,0.0
-0.330225806361,2.04967453805,1.0
-1.54927010768,3.17267880117,1.0
2.20775496564,3.36574672905,1.0
-2.83468066185,-6.4343788951,0.0
0.260536091736,-0.945497375393,2.0
1.82737209652,1.43418091348,1.0
1.33334877823,-1.35769345359,2.0
-1.35071559261,-5.65063801937,0.0
-3.48282043725,-6.13089136348,0.0
1.43257691653,4.56002079686,1.0
0.896528137799,4.00990374466,1.0
-0.121240131196,-8.26448762635,0.0
-2.6837611654,-7.10141591194,0.0
-1.18155425899,1.65673087593,1.0
0.902603752025,-1.08430417263,2.0
1.60343151004,3.3949859909,1.0
1.16159692472,2.63493363457,1.0
0.0984160680177,3.08899044369,1.0
2.08278665321,-0.610202398993,2.0
-3.04340920711,-5.96415476075,0.0
-3.56901433735,-5.45368377556,0.0
-3.1382828525,-6.28777199602,0.0
-0.386116371985,2.2160246481,1.0
0.931271404466,3.77611470138,1.0
-0.465484133275,-1.23458143997,2.0
0.194353899843,3.83581346183,1.0
0.315827483873,4.33513483573,1.0
0.139189748705,-2.21877256365,2.0
2.77273776811,-2.53648302855,2.0
-0.401622569046,-1.23477804662,2.0
-1.07510656449,2.37525058396,1.0
0.472067956035,-1.54641236257,2.0
-0.111289033631,2.70843665348,1.0
-3.99183422339,-6.96809806482,0.0
2.29488299297,-1.17291328252,2.0
0.214260159329,-2.18739657063,2.0
0.61325376027,-3.50720776172,2.0
0.690729729772,-1.20328650926,2.0
1.18587577746,3.46360282314,1.0
-0.288456252813,2.31735998694,1.0
0.430198444266,3.25119030785,1.0
0.868993484173,1.10536917948,2.0
-3.10486755433,-6.49076613245,0.0
-2.76128777321,-7.79742149734,0.0
-2.95382979691,-6.01193724624,0.0
-0.0399600106658,1.21414547126,1.0
2.74917233875,3.26641887569,1.0
1.31593853793,1.79327824419,2.0
-0.748255097729,-0.243817123097,1.0
0.539619719037,3.55240717199,1.0
