0.921339078494,-2.11647863632,2.0
-0.00519086208895,3.53763120593,1.0
2.57321926189,-3.15640543712,2.0
0.921011242183,3.70545906226,1.0
1.32271260198,3.42565363225,1.0
0.756588459478,4.95811982266,1.0
-1.73058786319,-2.19410901826,2.0
-0.768414544723,3.1985440357,1.0
-1.61753609311,3.123912597,1.0
1.40580117427,-1.77637746467,2.0
-1.72322545678,-6.19766195969,0.0
-2.55020231609,-6.18378726583,0.0
-4.13605467348,-6.66679865058,0.0
2.11840948102,3.82004629605,1.0
3.01606509293,-3.05357298121,2.0
-0.329719421214,4.48971581034,1.0
-0.512134875878,2.43562802619,1.0
-0.342505721533,2.28846065313,1.0
1.73408631811,-2.75586253243,2.0
-0.507116217732,3.55951927155,1.0
-4.00648798721,-6.04078696253,0.0
2.05449591929,-1.96822947657,2.0
1.00742836958,-1.86476377487,2.0
1.42032925386,-3.00399739662,2.0
-2.56101667431,-7.89669812708,0.0
1.11584764853,0.754972720446,1.0
1.93824114138,-0.818307922528,2.0
-0.156874362164,-8.88143507017,0.0
1.38801268457,-2.54552117603,2.0
0.305558658791,3.35335073465,1.0
-1.71974361239,-6.3390321483,0.0
-0.862758535163,-1.63252932297,2.0
-0.930968235142,2.23728193141,1.0
0.961031721857,3.69794539655,1.0
-2.47801631172,-7.01268435917,0.0
1.76665105586,2.28975451353,1.0
-4.56668789403,-4.59649085236,0.0
-1.2277675297,-7.14389510721,0.0
-0.154434569745,2.17291474308,1.0
-0.858805374056,-6.97621442876,0.0
1.80967602642,-1.76590296794,2.0
-3.3612529359,-8.12458626405,0.0
-0.169208587285,3.23472644783,1.0
1.16920419686,-1.73617198736,2.0
1.60772028937,-1.58692794054,2.0
1.24868204915,-2.10613187133,2.0
0.0935957831286,2.38353909387,1.0
2.21298117976,3.18048876571,1.0
-1.8856229285,-7.18134269367,0.0
1.01244362189,-0.964572703862,2.0
-3.11250498223,-7.61865793195,0.0
0.23649461379,-1.54982716337,2.0
-0.998607659669,-8.37430657122,0.0
2.0502739835,1.45870027448,1.0
-3.65658235844,-7.2246475578,0.0
-1.12635245068,-3.06493012229,2.0
-0.366914771297,3.65905391113,1.0
1.78655865689,3.59823857466,1.0
0.896929366008,-0.405979590625,2.0
-0.126026495001,4.0608680748,1.0
-2.10073984147,-6.49214360443,0.0
-1.19416045911,4.45446942588,1.0
-3.49448325784,-6.54249943774,0.0
1.76163509268,4.16500112023,1.0
1.34612031603,2.61587433709,1.0
-0.0141755040141,-3.13015711561,2.0
-0.914250750416,2.40590175468,1.0
-0.601161920261,3.61416591486,1.0
-4.21170694374,-6.57490268413,0.0
0.381765854801,-2.60121967324,2.0
-2.13331707235,-8.13499659652,0.0
-0.656307523438,-2.87166458659,2.0
-0.836715086376,0.62921813291,1.0
-2.72077712201,-7.01802385648,0.0
-0.726190729336,4.35877678229,1.0
1.29881078754,-1.7999081603,2.0
2.13687208386,-1.16756175493,2.0
0.763200098231,3.63372979554,1.0
1.05987983892,-1.14544385618,2.0
0.551282990416,-1.79436451687,2.0
-2.63823690394,-5.09582790684,0.0
-0.133950719662,-2.58823613141,2.0
-0.902974941038,-6.35959422858,0.0
0.876894615819,4.33271718314,1.0
-3.19861911525,-9.32870602695,0.0
2.54942302245,-1.98556373477,2.0
-0.148236232195,1.33225613193,1.0
0.721824869986,2.42037136009,1.0
3.18015430935,-1.85631674804,2.0
1.26337048115,-0.733437077592,2.0
0.431831358097,3.2951795217,1.0
0.529268705952,2.4789622869,1.0
0.842869162499,3.11847780937,1.0
0.115911616105,3.74403379726,1.0
1.57331009162,2.63723948539,1.0
-0.740098285243,-6.74276514797,0.0
2.53192972488,1.96532052639,1.0
-2.26854339865,-6.94646448769,0.0
-2.55060052488,-7.05169441087,0.0
1.1598139504,4.54348319128,1.0
0.433196895361,-0.61257075379,2.0
0.836215853999,-2.53140030704,2.0
-0.915830082328,4.04837919122,1.0
2.81909023211,-2.53586566332,2.0
0.0892639424107,2.29565554694,1.0
-1.37276888255,4.40374530802,1.0
-2.3881588893,-6.71412411281,0.0
-3.30563196099,-6.46937184711,0.0
-3.32859010928,-5.89544712345,0.0
2.74217061912,-3.36168613467,2.0
2.15381804471,-2.01652104684,2.0
-3.15999853115,-7.81500254501,0.0
-3.65251305916,-6.87444113735,0.0
2.82824958878,-1.98989074851,2.0
2.13050570001,3.57486739205,1.0
-0.898378823373,3.30822973931,1.0
-0.793383420349,-1.94257357119,2.0
1.09706427891,-2.24650027079,2.0
0.71116120427,1.52378971982,1.0
1.29735359935,-2.13961240606,2.0
1.97337358783,3.20487426665,1.0
0.380560302045,1.88718077787,1.0
-1.48100100459,-5.80359268353,0.0
3.28913480931,-0.514284899389,2.0
-1.97060483977,-8.47302750481,0.0
2.41405820938,-0.769539670886,2.0
0.126043963148,2.51436214581,1.0
1.49311899744,-3.82327661051,2.0
-1.38474916959,-5.24098741492,0.0
1.31579597273,-1.60108365674,2.0
0.483681734432,1.97486486007,1.0
1.57376871862,-1.51300465801,2.0
-4.01330741853,-4.6894351786,0.0
1.29058248883,-1.97407264431,2.0
-1.86159413826,-7.03635521463,0.0
-3.45195820165,-6.74503786768,0.0
-1.9278560361,-7.08122692348,0.0
-1.94565207399,-7.17065753723,0.0
-2.46891761162,-6.43727499638,0.0
1.259195205,-2.15919804043,2.0
-4.29617803728,-5.39684461852,0.0
-0.550535557585,4.60129708096,1.0
-0.507838490307,1.68102807197,1.0
-3.8412757958,-4.43112499881,0.0
0.379995395722,-3.21742895709,2.0
-3.39484835342,-8.52741700341,0.0
-1.22728640256,-6.17409661358,0.0
0.513576104728,-1.97460028893,2.0
0.388591139756,2.44582657021,1.0
0.731872811307,3.99323023936,1.0
-1.89510365763,-6.17340306826,0.0
0.412764557239,-2.28674171212,2.0
1.64929372989,-3.23982370464,2.0
-0.214126803874,1.0736224761,1.0
-0.0466054149798,-2.08263681918,2.0
-0.481042590572,-2.80344927301,2.0
0.625730431554,1.79690652461,1.0
-4.60410536996,-6.65037982484,0.0
1.32117671603,-0.798101062634,2.0
2.18588160653,4.20732992599,1.0
-3.46510438357,-6.98920877424,0.0
-0.0778297437774,3.29724477972,1.0
-5.47070221322,-7.52917949412,0.0
-0.0540471402843,3.61219091251,1.0
1.45848682433,-1.02120785032,2.0
-0.917285993317,1.6924614642,1.0
3.28333893527,-3.20360847302,2.0
1.6581569365,4.24019338876,1.0
-0.125016657354,-2.91991785133,2.0
-2.80265903583,-6.04879981009,0.0
-0.105843081802,-1.90243940073,2.0
0.878561751219,3.36019833393,1.0
0.431289793303,2.80225996952,1.0
1.80810222654,-2.83916409915,2.0
-1.97541166532,-7.27828094815,0.0
-2.2402675555,-7.11634187626,0.0
0.124139536186,3.55347853482,1.0
1.83480554238,-2.28409177652,2.0
2.04663219934,-2.12952360372,2.0
0.748439936652,3.23304827751,1.0
0.191606608937,-2.86121472033,2.0
-1.49065559415,-7.44174077437,0.0
-2.20383514648,-5.55583424331,0.0
0.0563032233844,-2.73340153789,2.0
0.358847494865,3.02874150681,1.0
-0.541867124635,3.8040114696,1.0
-2.94848141424,-5.55675941024,0.0
1.87214630515,-1.67955472975,2.0
-0.971509888713,-6.6754618881,0.0
0.940350466734,-1.16912309756,2.0
-2.06457415161,-7.25975065755,0.0
1.10572459266,1.21237569739,1.0
-0.757350985503,0.377315244471,1.0
-3.28622346943,-7.05886563091,0.0
-2.01137156106,-7.13810654761,0.0
0.989307407157,3.60777329083,1.0
1.54203366052,3.97495126265,1.0
1.74456255992,1.86538256952,1.0
1.25440996362,-2.65538058766,2.0
2.0766322276,-1.85535092329,2.0
0.863584276566,-1.28722607527,2.0
-2.91051010483,-7.08638895803,0.0
2.04067941939,2.39763934511,1.0
2.79012690645,3.46301155581,1.0
-2.95818076724,-5.77872796813,0.0
0.195534333628,3.32189660263,1.0
-1.87774141768,-6.74829632273,0.0
-3.05829318604,-5.53217877046,0.0
1.61682865945,3.21744686993,1.0
-0.516347448923,2.96157387406,1.0
1.75461860669,-1.53171988977,2.0
0.973583764224,1.93224952655,1.0
-2.16242323359,-6.95697434663,0.0
0.840853270123,-1.81296724875,2.0
2.9447114991,-1.47990881657,2.0
-2.09367356702,-4.1277347104,0.0
1.17140639888,-4.75217326512,2.0
-1.66001964766,5.20201742553,1.0
-2.40307268536,-8.23319790268,0.0
0.947964200833,2.42891328892,1.0
1.98830895194,-1.79049733084,2.0
-2.9945813835,-5.21080380135,0.0
-1.25196385901,-7.42217753951,0.0
1.47433368488,-1.30347769806,2.0
1.28937855487,-1.29510640052,2.0
2.61669152357,-1.98569538544,2.0
0.0833253048262,-1.08927644245,2.0
-2.94349926459,-6.73788082422,0.0
-2.53348375663,-6.45620448137,0.0
-2.96731919554,-6.62682077129,0.0
0.748871798521,2.38912201054,1.0
-0.696109281893,-7.48267662941,0.0
-2.09907205432,-6.77563898896,0.0
-1.01240609261,-5.97441856686,0.0
-2.10204193671,-6.91120171879,0.0
-0.640661234592,-2.36899317269,2.0
-1.44439787083,-5.71342743206,0.0
0.489609727423,-1.23810986226,2.0
-0.999725280699,-5.59345440428,0.0
1.36905930016,3.72718630518,1.0
-3.68554392056,-6.71514457762,0.0
0.089821131399,2.46321125401,1.0
0.46633395205,2.50813582562,1.0
1.30075498654,4.26442600955,1.0
1.83777639016,-2.2750743735,2.0
-0.198168387714,-2.22099464436,2.0
1.51647710102,-2.17065827422,2.0
0.0245613569669,3.90099106544,1.0
0.904502408929,2.55500798139,1.0
0.304638410586,-2.69689212258,2.0
2.96723504501,-1.0565732635,2.0
2.02742838434,-2.72321635581,2.0
-2.24680547602,-6.44062440951,0.0
0.796770310918,3.34432072125,1.0
1.52649915193,-2.91555804125,2.0
-3.02470113006,-6.4441964142,0.0
-4.18726410281,-5.55606776144,0.0
0.626542696337,3.25746019187,1.0
-4.29282358974,-6.26748299068,0.0
0.603469113214,6.01941203536,1.0
2.53182948062,-1.10101259813,2.0
-1.74353971032,-8.30107870755,0.0
0.738376863077,2.22724761288,1.0
-4.00390791612,-6.37041001827,0.0
-4.47717614009,-7.73882643732,0.0
-1.96229655181,-6.43463890941,0.0
-2.47110669929,-7.7373616053,0.0
0.535394400818,-3.74560704402,2.0
1.9280002728,2.1018337889,1.0
-2.56835088702,-6.70164907881,0.0
-1.89468862216,-7.40365153539,0.0
-2.40211211727,-5.86001149405,0.0
2.29570306932,-2.9772140962,2.0
0.319576484609,4.00410509591,1.0
0.357532837509,3.23431620153,1.0
-2.30096320827,-7.9941242176,0.0
1.56378760128,-1.60205142679,2.0
-2.58179943538,-5.7343035601,0.0
-3.80364201027,-6.60339242886,0.0
-2.86578014826,-5.72585047332,0.0
2.03050604985,-0.335808847776,2.0
-1.51309630898,-6.3007220329,0.0
0.521458487662,4.59984101418,1.0
-0.688906720605,3.42772476679,1.0
-1.92559137819,-7.04050164398,0.0
1.69371518415,-3.20497225489,2.0
-2.00802694787,-6.2764304592,0.0
1.24268870577,-0.741630341278,2.0
-1.44454891381,-8.22601594944,0.0
1.02272207501,3.65461360626,1.0
1.05945467048,-1.12888997266,2.0
1.17256575315,3.62967420951,1.0
-0.0808128906366,2.00195391882,1.0
-3.23062384853,-7.43310341198,0.0
0.275332477823,-2.37574461865,2.0
0.944672642381,-1.39421897892,2.0
2.72658724239,-1.83502148235,2.0
-1.67917401949,-7.75925236688,0.0
-2.34902690637,-5.26156977152,0.0
-1.19450722399,2.12424386799,1.0
0.157061531383,1.49303393161,1.0
0.295209207933,2.92136489779,1.0
2.24245598333,-1.50902398128,2.0
0.216496895117,3.77553915014,1.0
-2.7319707464,-6.45181645811,0.0
-1.1513824059,3.00338032428,1.0
3.39201919302,5.40345607745,1.0
-3.76900769783,-7.41066423728,0.0
1.35671237242,-1.8186235325,2.0
-1.93795424323,-8.33735730475,0.0
-2.69399365565,-6.61964567066,0.0
-3.78422268804,-6.73108537008,0.0
-1.80412215561,-5.88288109571,0.0
1.70895481263,2.389569773,1.0
1.73036461799,0.726968915886,1.0
-2.48024367748,-5.96999042229,0.0
2.41159991032,-1.07148236301,2.0
-2.91376097427,-5.44778597074,0.0
0.766131737992,2.83003684939,1.0
1.87525964692,-0.606456129862,2.0
3.40001837579,-2.24466952033,2.0
-4.21180304595,-5.5068751468,0.0
0.569285952651,2.3784266582,1.0
0.878338300483,-2.71057327945,2.0
0.107405866811,3.52013908622,1.0
-2.53469372973,-7.28850619595,0.0
-1.73318287189,-4.19551259602,0.0
-2.80695574367,-5.28184404262,0.0
1.39897303064,3.30589974801,1.0
-0.274309243182,-8.01039925558,0.0
-0.316041824494,-2.47294899352,2.0
0.174632903307,2.91455660029,1.0
2.03716230616,2.06396683144,1.0
-2.26433302323,-6.54532140538,0.0
2.12774994343,-2.5460165367,2.0
1.64324054267,-1.80460708364,2.0
-2.48783137578,-7.10589442946,0.0
0.926199866487,3.4567945402,1.0
-0.2783491055,-1.61186733929,2.0
-3.59086297127,-7.08989725015,0.0
1.33473235796,1.11718038688,1.0
-0.018870081593,2.40165741315,1.0
0.097530209336,4.65028753734,1.0
0.273831442693,3.96839760297,1.0
-5.27896002284,-7.25990622637,0.0
-0.0594736399713,-2.81819552914,2.0
-3.82618503022,-6.20149772926,0.0
2.27885454393,-4.53762395784,2.0
1.584503792,-2.16574135044,2.0
-1.84778174445,-7.01232025361,0.0
-2.07215666941,-6.11177491788,0.0
0.686465908316,-2.21567188726,2.0
0.490074845526,2.5525446372,1.0
-4.1265571217,-6.59012375384,0.0
0.519245046125,-3.44868932536,2.0
0.60106559246,-1.42012823107,2.0
1.70520330696,-2.00565608822,2.0
1.02277212132,3.45346394702,1.0
0.405531062926,-3.0819117921,2.0
-2.05790977022,-7.15682397203,0.0
0.938968888007,-3.16992767322,2.0
0.27695112463,3.35472526286,1.0
-1.49375907351,-7.43195898782,0.0
-1.04567327601,2.99372940129,1.0
1.73834385856,-2.69205051887,2.0
-2.69458564062,-6.73935734596,0.0
-0.0638512485235,3.25911073275,1.0
0.824918141556,-3.65962124054,2.0
-0.384695333425,4.78984982264,1.0
1.64866652336,-1.32614912522,2.0
-0.0834902497177,2.83790150268,1.0
-1.19761969006,-3.18785533143,2.0
1.5932795365,-2.65595173625,2.0
0.77067296238,3.74500732203,1.0
-2.53626931337,-6.68628175695,0.0
0.594992611504,3.94855050149,1.0
-0.509479959722,3.15304880823,1.0
-3.51754788439,-8.17457581973,0.0
0.66139740949,2.97514552459,1.0
1.86984010508,-1.77623143683,2.0
2.55018150276,-3.35209587054,2.0
-2.32672249147,-7.39031406886,0.0
-2.51670516689,-6.95337868719,0.0
1.40043485121,-3.34795554417,2.0
2.44293853886,-1.91294522806,2.0
1.58809295669,-1.52208790749,2.0
-1.31216770929,-6.03628955018,0.0
0.121325446209,2.96961437179,1.0
1.90981951164,-0.852203064704,2.0
-3.03429507713,-8.55848983209,0.0
-1.88750437215,-5.83657239081,0.0
2.70710999817,-1.33001827586,2.0
-0.55612317833,1.83347126348,1.0
-2.6730083627,-5.48364302297,0.0
0.774494513178,4.55932092134,1.0
1.65038209427,2.3469427723,1.0
0.550604863002,-0.945919498435,2.0
-2.26236408253,-6.58213241248,0.0
-3.04144394757,-3.07260045993,2.0
-3.69263772185,-6.62735752338,0.0
-2.22026000448,-6.0238413316,0.0
0.568980681598,1.2931551034,1.0
-0.218562089185,-1.62176844308,2.0
-2.74336865604,-7.71776538906,0.0
-1.2324585667,0.465478129227,1.0
1.14336487817,2.67533813152,1.0
2.17546889651,-1.06697701992,2.0
-2.50079678058,-7.21668061587,0.0
1.73949939138,-0.343055910726,2.0
-0.469677407298,-3.19175188091,2.0
1.24437379826,-0.915987350053,2.0
2.58464358843,1.90319143033,1.0
0.0825140750969,3.43610387496,1.0
0.145156514171,-2.33104117255,2.0
-0.437533952812,3.27631243313,1.0
-3.75353974738,-6.90196851431,0.0
-3.62786056928,-6.41782275415,0.0
-2.40327019362,-7.29321752152,0.0
-2.48631582265,-7.3934451847,0.0
0.339676849636,3.28428555304,1.0
-4.2933374087,-7.49553796142,0.0
2.55324586703,-2.46909094039,2.0
0.963451789969,5.39374420701,1.0
0.570012584434,-1.96721561042,2.0
1.19556052102,-2.27192628599,2.0
-3.1066778845,-6.03593248695,0.0
1.44270076564,-2.60568683753,2.0
0.60159480293,1.20499462421,1.0
-2.51189632565,-6.67850634526,0.0
-0.762438776284,-6.40185539602,0.0
2.50932994839,-2.0108433756,2.0
1.60997250273,3.13689401901,1.0
-3.53128915718,-6.74578143734,0.0
-0.742805330426,-0.323794550259,2.0
0.216041373139,-3.1714864045,2.0
-2.15849575102,-7.26954171688,0.0
2.36815845424,-0.628557060253,2.0
0.728479926946,3.23019389232,1.0
0.440717788944,4.35924360068,1.0
-0.485195101028,2.71563185831,1.0
1.38371628117,3.52721179273,1.0
1.11164721055,-1.64778117503,2.0
-1.71754099682,-6.64926279285,0.0
-0.189664929552,-1.93247255606,2.0
0.332209870082,-0.604784733281,2.0
0.189036791584,-4.23434508636,2.0
-1.40336020886,4.93551053805,1.0
1.06479324018,-1.46987049207,2.0
-2.71254331151,-4.77198433158,0.0
-0.220133986844,3.380897513,1.0
1.5113923771,0.402107679454,2.0
-0.501157250877,2.20294613752,1.0
1.117300964,-2.38024942643,2.0
-4.059238722,-6.42220031977,0.0
1.29507020586,-1.28724204568,2.0
-1.66712814393,-6.51520512057,0.0
-4.13016405011,-5.98284105189,0.0
-1.39278221696,-8.16990321027,0.0
0.593213914925,-2.16428587936,2.0
2.01517086572,-1.92635865253,2.0
2.66737311193,-1.41675351297,2.0
2.76744569538,-0.983547669721,2.0
2.60053692501,-3.10807542117,2.0
-3.83218289098,-5.92361271827,0.0
1.37229326292,-2.40886514312,2.0
1.52745642136,-1.86503161184,2.0
-3.20438623626,-7.79082427282,0.0
0.953564768808,3.7490288054,1.0
0.535645110192,-1.04666570974,2.0
1.25253860101,-4.78729504308,2.0
-0.90262447812,2.5055620733,1.0
-1.92352137529,-7.59520780495,0.0
1.15940399233,-0.471276755193,2.0
2.23547158538,-2.17140087408,2.0
-0.158936575838,-1.96906681476,2.0
-1.44878876595,-6.47965891073,0.0
-3.35656832121,-5.02300752571,0.0
2.00725817957,3.38010022422,1.0
-0.0927393154252,-2.72094619281,2.0
1.9298640713,4.76069741432,1.0
-2.66148559935,-6.39762504822,0.0
1.08791345183,-4.43944244935,2.0
0.983678563207,-1.60786712879,2.0
0.256907083723,3.1079842221,1.0
-0.862066613982,4.27457585536,1.0
-3.20045249116,-6.10997023434,0.0
-1.02448018264,-1.41421287268,2.0
-1.10191219688,-4.60480729313,0.0
-3.35175540415,-5.18086770146,0.0
-0.996689223005,2.29031040213,1.0
-0.390883923574,-1.2438794827,2.0
1.08116132603,1.98325170057,1.0
-1.31125058538,-1.96136346854,2.0
2.18841099606,-0.165339111967,2.0
-2.50731395201,-8.08976891662,0.0
0.636149274159,0.435921330377,1.0
0.489477926523,4.95723649471,1.0
-0.527676312739,-0.77530560723,2.0
0.0876555714518,-1.55118670168,2.0
0.347341995413,3.35399625825,1.0
2.0608883445,-2.94690426112,2.0
0.52380538981,2.03970153975,1.0
-2.80450480343,-7.02641383317,0.0
0.551754463184,4.00845984578,1.0
1.16093707069,-1.90478990298,2.0
1.46839207671,-1.72730648669,2.0
1.3728293884,2.79045190542,1.0
-0.125927103362,-2.78403490372,2.0
-1.88604370376,-4.82674707907,0.0
2.40520541764,-0.867694535516,2.0
0.433321546241,2.20864883237,1.0
0.720384878581,3.56167365058,1.0
-1.32911129149,-7.80394617572,0.0
2.30519542049,-1.97962175188,2.0
2.47799096236,-1.62722863484,2.0
1.38598605918,-1.19437185845,2.0
0.35827579245,-0.961756380866,2.0
-0.150691666343,1.9705534379,1.0
0.289890659635,4.72882418679,1.0
-0.00640727345793,-2.62951808541,2.0
1.31329899087,-1.74667028303,2.0
-3.64640146993,-7.41956636633,0.0
-0.825233045707,-2.34508447483,2.0
-1.16178453177,5.9263444394,1.0
2.61583640525,-3.13962768175,2.0
1.69882752861,-2.71692118908,2.0
-1.72431119887,-7.65780017587,0.0
-1.53611647053,-5.24276399616,0.0
0.765212195335,3.6893633199,1.0
0.88070696643,-2.49545587134,2.0
-2.06512719771,-6.16828710188,0.0
-1.57591255383,-8.41938404685,0.0
-2.65426118727,-6.65280950184,0.0
-0.0708870882755,3.75452846789,1.0
-1.09263384568,-7.95808791759,0.0
-1.54270801195,-6.05547190683,0.0
0.218701748105,1.90622943959,1.0
1.58963572694,-2.40162693765,2.0
2.46159962594,4.32265398147,1.0
1.89931986851,-3.49991897866,2.0
2.3002039529,3.71541864156,1.0
0.505253552948,-3.12652467944,2.0
-0.509390220667,2.16734175885,1.0
-2.91058824663,-6.5297472257,0.0
-2.53642789206,-6.69506375816,0.0
-3.89674845962,-7.41095538475,0.0
0.139130683187,2.89034465769,1.0
-2.7132801891,-6.95776375713,0.0
0.26735819673,2.96723151145,1.0
2.21839914354,-3.5634923389,2.0
-2.96765032771,-6.35292265821,0.0
-3.59102993018,-7.89492476451,0.0
-1.77847665946,-6.2946005422,0.0
-2.7197294425,-7.33439069919,0.0
-3.14296847559,-5.91079337755,0.0
1.16884010005,-2.25797102672,2.0
-0.638705908953,3.29682416052,1.0
-0.161656661699,0.681044585319,1.0
2.02861211344,3.02493749688,1.0
0.977979106741,-3.39674121754,2.0
0.809588953121,-2.69244696985,2.0
1.24198914379,3.71184025937,1.0
-3.14745505592,-4.9231558366,0.0
1.08235904721,2.87886528629,1.0
1.18898300775,-3.01653437996,2.0
1.34935035843,0.253249807588,1.0
-5.18059422251,-7.49924497813,0.0
1.93052013997,-1.28893099438,2.0
-2.26610190948,-5.78126317491,0.0
-2.43827690326,-5.73136127335,0.0
0.69999782614,3.70047593273,1.0
-0.857026704703,3.44466695697,1.0
0.291825828354,-2.69761778362,2.0
-1.132096054,2.60695076624,1.0
-2.18692241847,-8.07046137694,0.0
1.94856335249,3.86609079133,1.0
-5.38769001783,-6.14239319955,0.0
-2.06930094463,-5.60507674545,0.0
2.2488039925,3.93983366541,1.0
-1.60355396386,-5.6863983855,0.0
0.78687758808,-1.5569065315,2.0
-0.274561220408,3.92331015796,1.0
-0.875405704426,-2.25394071248,2.0
0.990110610669,4.16302885782,1.0
-4.48781181372,-7.83313297605,0.0
0.622720174819,1.68653586191,1.0
-2.80511771956,-7.99264985109,0.0
-0.0932386959497,2.12527187539,1.0
-1.67175765045,-6.31381732553,0.0
-4.99880769769,-5.6572288939,0.0
-1.88925510687,-6.07326606366,0.0
-2.91225907459,-6.31222905119,0.0
-2.34269047377,-6.28092849339,0.0
3.92395801177,-4.4836714108,2.0
-0.992965525845,-5.99597041339,0.0
-0.957203373466,-5.69139010704,0.0
1.05933734141,3.19796832027,1.0
-1.51692377536,-6.47735301312,0.0
-2.32095818015,-5.26283972101,0.0
2.64456655465,-3.89357895475,2.0
-0.959336849817,-6.96120344914,0.0
0.704521062842,-1.65436741721,2.0
1.63883788251,-2.89222823471,2.0
1.51106832305,1.74904452911,1.0
2.15241945344,2.02032602202,1.0
0.509843032045,-0.999165713387,2.0
-2.67361363646,-5.77170843492,0.0
2.42256030647,-0.816914086162,2.0
-2.83515318169,-8.39362013226,0.0
0.665897437283,-3.04687303221,2.0
1.74148898293,4.43116190525,1.0
-0.590635585007,4.11702140475,1.0
2.2104112269,-4.20586230622,2.0
-2.9497415865,-7.36873762892,0.0
-2.74201582738,-6.78467353628,0.0
1.08909376284,3.76081584923,1.0
0.277032609664,-2.14329306881,2.0
1.49062973332,3.0370701147,1.0
1.35002243674,2.31629237847,1.0
-3.02612134369,-6.44707943453,0.0
-2.24202248631,-7.65204467048,0.0
0.88440770335,2.58626514535,1.0
-1.25184444224,-8.16052541393,0.0
1.86640501521,-2.41543446349,2.0
1.02078324985,2.24322157141,1.0
-2.3922215004,-7.08410612867,0.0
1.3528116139,-1.52830582215,2.0
2.07338436804,-1.29057226059,2.0
1.06111125326,1.77611658823,1.0
-2.25865201556,-7.39057168204,0.0
1.68642443219,-1.80875352368,2.0
1.74534467111,-1.40101369884,2.0
-0.22721990931,4.52952359143,1.0
-3.26382191767,-7.33740930361,0.0
-0.803522164011,-2.18674558513,2.0
-2.96446446757,-5.55765740198,0.0
-1.76494847069,-5.24337084809,0.0
1.16885857267,2.00768174628,1.0
-1.59794411265,-6.34927230271,0.0
-0.679835068172,3.20608161669,1.0
-0.658975158451,4.85467261838,1.0
2.55710929528,3.23708329637,1.0
-2.26644049837,-6.11381772266,0.0
-0.241225784098,3.92246201024,1.0
0.253269448092,-3.23837775983,2.0
-0.943062399006,1.19259000956,1.0
1.09638556731,-0.917354005904,2.0
-1.38293352739,3.86683255006,1.0
-1.38686178248,-6.91075717421,0.0
0.748282234711,-1.89997672267,2.0
0.750656247492,-1.96559375428,2.0
0.926792322347,3.93490994137,1.0
0.628263789363,2.48107072518,1.0
-2.86285385179,-6.69090560686,0.0
1.98152279929,2.39593054471,1.0
1.79938998993,-1.82886238774,2.0
-0.378663091089,4.1531133723,1.0
-0.370926922351,-7.38877943013,0.0
-0.926304381925,2.02489614056,1.0
-3.29166343254,-8.20954562032,0.0
-0.0595571454771,2.74757433084,1.0
-0.79085412228,2.70449209352,1.0
0.707654275401,3.10260670375,1.0
0.876768837208,-2.57126136015,2.0
0.767135007908,-2.75337676721,2.0
1.36431937181,3.38547453654,1.0
-2.22960107705,-4.51115130636,0.0
-2.59767392143,-8.57317182913,0.0
0.487359337823,1.50798122092,1.0
3.16674087606,-1.85537907259,2.0
-2.56389911716,-3.99592950298,0.0
0.46145601295,3.00971263971,1.0
-0.0405323041852,2.18501995708,1.0
-2.01379195644,-5.93991567354,0.0
-3.74793748157,-7.5499122032,0.0
-2.49328456597,-8.51349942847,0.0
0.818701134773,1.9531550433,1.0
0.0301655865772,2.56871471635,1.0
1.08847799921,3.43923421496,1.0
-3.32521297861,-7.76405206804,0.0
-0.13083131502,5.08407784781,1.0
0.759425108638,-1.61648160061,2.0
-1.78622947334,-6.4019254254,0.0
0.766249002987,-3.69896083491,2.0
1.74954405084,4.47871378967,1.0
0.137476050678,-4.46408044314,0.0
0.644372446096,-1.98617788885,2.0
0.872121312311,3.33508208775,1.0
0.676782178401,3.23676742658,1.0
-0.325887825497,3.13391179867,1.0
-3.41709136871,-6.56498812561,0.0
0.356159767715,1.01206538579,1.0
0.222612371589,2.22476282414,1.0
0.219305682377,-1.88276016316,2.0
-3.10628217507,-6.35099187553,0.0
-2.00259569108,-5.63511775849,0.0
0.983616095726,4.87703160443,1.0
-0.242651529357,2.22842140536,1.0
-2.63780901224,-5.94087231455,0.0
2.78476815197,-3.53454349763,2.0
0.303697120123,3.59663911438,1.0
2.36191650945,-2.34874296936,2.0
0.138794007372,-0.665107844219,2.0
-0.88593538669,-3.87147317981,2.0
0.775816532333,2.05480624433,1.0
-2.86941998442,-7.74919638465,0.0
0.239998463683,4.31377990589,1.0
2.63354918687,-1.7337529894,2.0
0.854047113007,4.11265373811,1.0
0.343720203469,-2.07790148203,2.0
1.64392094747,-1.35825710229,2.0
1.61278744464,-1.75010832144,2.0
-0.0262455320217,3.34004564004,1.0
0.746025766008,-2.97132834676,2.0
-2.31061092634,-5.66495361719,0.0
-4.28222042227,-5.9891237049,0.0
2.09624683186,-1.66079609291,2.0
1.21231525114,1.60441235877,1.0
0.546870715274,3.61814620983,1.0
-2.50474072606,-7.4854022716,0.0
-3.90596338768,-7.59752362618,0.0
-2.56709052207,-6.98825242422,0.0
0.331310551671,-1.84090270684,2.0
0.597388866734,-1.94815899141,2.0
1.02892718539,-1.49233499366,2.0
-2.08369352402,-7.37931556917,0.0
0.759000065177,-1.62683564171,2.0
-0.165232134506,2.38876075118,1.0
1.0210266165,-1.62744247458,2.0
2.50251790939,-1.84743499833,2.0
0.488361993335,-3.88060094912,2.0
-3.99598518568,-6.61260178066,0.0
-0.0388604830871,-2.21618510071,2.0
-1.10116911181,-7.79491553625,0.0
-0.0982677051542,-3.1144008039,2.0
-0.0250558361983,3.34455034681,1.0
2.17722995615,-0.622931988774,2.0
-1.87154078894,-6.76106922901,0.0
-3.83548689394,-8.51221433562,0.0
1.36795028038,-3.540370238,2.0
1.78355483738,-2.08951058472,2.0
-2.22759741795,-6.81754371391,0.0
-1.0118200942,-5.78465634099,0.0
-2.94056494891,-5.58814602611,0.0
-0.221324159205,3.1545268547,1.0
0.0771338624417,3.85940552339,1.0
2.66869673088,-2.37161660695,2.0
1.23794376556,-2.03632152524,2.0
2.50311885453,-2.01490436198,2.0
-3.42425838003,-4.97718826442,0.0
-3.10462928121,-6.95823985839,0.0
-0.765769111107,3.06738208196,1.0
1.8658445908,-0.963774389747,2.0
-2.76478581484,-5.45810161877,0.0
-1.50659836131,-6.85005971888,0.0
0.971695200165,-2.90745775476,2.0
-0.472517994283,4.49580187172,1.0
1.22525752145,-1.864388109,2.0
-1.31957700406,-6.08158911372,0.0
-1.31065902093,-6.85580194352,0.0
1.16168165988,-2.78838247619,2.0
-3.25200639386,-5.74601602097,0.0
-0.353903309957,0.482569331973,1.0
-1.57764660353,-6.9284122912,0.0
0.703978527623,-1.22902382996,2.0
-0.584711918253,4.65163876378,1.0
0.293009967808,-6.89266325255,0.0
-2.81071000742,-6.70536685973,0.0
-0.520575740892,2.38202361657,1.0
-0.0391560546318,-8.36173445288,0.0
0.286774297288,3.92636080012,1.0
0.51319767745,2.23956237816,1.0
1.55712940426,-1.56410614924,2.0
-2.5497125042,-5.28525656843,0.0
-4.25121635444,-5.05872544574,0.0
-0.114127415008,-2.03372321096,2.0
1.91265161619,2.74431366974,1.0
-0.326477357205,-2.80249836636,2.0
1.94394295696,-2.9899919976,2.0
1.56908503376,2.83953163805,1.0
-3.49960698858,-6.74766187356,0.0
-1.325909887,-7.4354418334,0.0
-2.11899973009,-7.68700920692,0.0
1.77820016918,-2.53770090077,2.0
1.60575249592,4.73454088025,1.0
0.368335437614,-0.981493737306,2.0
0.30383501311,-1.3687705219,2.0
2.74734591603,-1.06666316096,2.0
1.06572449248,3.05421347086,1.0
0.209794931503,2.43408853161,1.0
-1.28752669587,-6.99985084396,0.0
0.849479235582,-2.71787692456,2.0
0.334119338273,2.73422728842,1.0
-1.43407520703,2.72243231064,1.0
-2.34434290147,-8.54514590147,0.0
1.18004089651,3.01050030346,1.0
-0.46877660355,-7.61243831056,0.0
0.608240989182,-0.991488054746,2.0
1.92718706391,1.21790080919,1.0
0.127110862671,-1.28711299287,2.0
-0.372284807371,-6.99293992776,0.0
-2.1024326963,-5.29672968079,0.0
1.76989487174,1.86393904382,1.0
-2.61515586572,-6.39017395949,0.0
1.60977912625,2.78259141727,1.0
0.288942089136,-3.37154392765,2.0
1.88834381011,2.4525084539,1.0
1.28020955872,5.35210645873,1.0
-3.57651904024,-6.10433827932,0.0
1.60909134388,1.40912402355,1.0
-2.65974231153,-7.21394553865,0.0
1.40522946381,3.30492194837,1.0
0.704565543239,-3.07481079929,2.0
0.740454241029,4.47536898767,1.0
-0.72473461546,-1.7649491022,2.0
-0.649853970147,3.34186382936,1.0
-0.0811367445685,-2.29590611287,2.0
-2.21964968915,-5.99418930373,0.0
1.74738517286,1.93877224582,1.0
0.420535659201,-1.00146752611,2.0
1.24571987332,-1.43269246567,2.0
-1.59601655564,-4.54735780129,0.0
-2.45928218538,-5.93859569776,0.0
-2.53897429695,-5.80034254126,0.0
0.0205451235839,-1.04901933022,2.0
-0.988923672053,-7.28703376025,0.0
1.56664111329,-1.86341750485,2.0
0.721323808034,-1.36256013796,2.0
-2.74989131965,-5.38917677163,0.0
-2.96701696593,-6.8655675989,0.0
2.31534431772,2.28849386979,1.0
2.93672652733,-1.13098976772,2.0
1.4585568388,-2.76969800308,2.0
0.363660755746,-1.04047416792,2.0
-2.14788661602,-6.92087293985,0.0
-2.32865353878,-6.69848787314,0.0
1.09765396129,-0.999292344033,2.0
0.680048706648,3.69897410686,1.0
-1.79361620369,-6.08099003382,0.0
-1.9671119285,-6.61057317088,0.0
0.870307005487,2.99896644919,1.0
2.27769151351,-1.8433275384,2.0
1.62998608249,-1.89749536193,2.0
2.49179312517,3.7782048628,1.0
-2.31257626067,-8.55921638228,0.0
-2.19008182586,-6.73750637995,0.0
0.371061115843,2.36038413262,1.0
1.24512436685,-0.125515693083,2.0
0.900788693078,1.89683920746,1.0
-3.03073509452,-4.89120834599,0.0
-4.06953198428,-8.3872235498,0.0
0.400553801758,0.896478353115,1.0
-4.49527032765,-5.30227418641,0.0
0.861786364887,0.258413005119,2.0
1.87228812437,3.62465393165,1.0
-1.63057737104,-5.57610782565,0.0
1.74359427448,3.1419443112,1.0
-3.56978722348,-7.04314366639,0.0
-1.81945972411,-3.92258958022,0.0
-0.505965044555,-1.69957270756,2.0
0.593314756156,-1.94184788199,2.0
-2.17293971042,-8.65857414774,0.0
2.39931089077,2.94730021832,1.0
1.6154854054,-2.72062698898,2.0
3.45478775015,3.07095203077,1.0
-3.49676679851,-7.63618891664,0.0
2.04217434194,-2.75833009009,2.0
1.84638735195,2.84353337267,1.0
1.22737867336,-2.44407368616,2.0
0.930951574314,2.9462384499,1.0
-1.1195052848,2.64419628774,1.0
0.444186756538,2.71593002357,1.0
2.74547964992,-2.92369186372,2.0
-2.84063050355,-5.18745251269,0.0
3.05118699618,2.75968969364,1.0
2.25986276231,-1.82374664301,2.0
1.39467582831,1.91953283615,1.0
1.1681593637,3.95650913417,1.0
0.331143020156,-2.6382016165,2.0
-1.61740769832,5.506233922,1.0
-0.229145487793,-2.31839158283,2.0
0.85057302302,-1.75109730938,2.0
0.411196670193,2.48957593171,1.0
1.90508742616,-2.65124689337,2.0
1.37630295141,-2.25838523222,2.0
-2.45797466925,-6.9933576529,0.0
-2.75093947604,-7.7263919689,0.0
-2.41235677063,-6.85302950012,0.0
-2.52924885851,-7.57637712704,0.0
1.81120225344,-2.58396201351,2.0
1.65609894026,-3.63542851603,2.0
1.05763028371,-1.12861205593,2.0
0.0384079589253,4.7821730222,1.0
0.00154626717978,2.60374515765,1.0
0.861156031902,-1.91101477482,2.0
1.23610694705,3.21906569823,1.0
-2.0615415952,-4.57323105681,0.0
2.59994145039,-3.3282995725,2.0
-4.14404591367,-7.52469110465,0.0
1.44847377002,-2.70269191884,2.0
0.856880452755,1.98127862419,1.0
-3.22227808412,-6.55561071742,0.0
-5.28370632393,-7.63036474716,0.0
-2.47439365311,-5.84522352438,0.0
1.69889021555,3.89144986489,1.0
-1.43715345346,2.06946367276,1.0
-2.78565773528,-6.50429614666,0.0
2.13351987917,-3.44862419296,2.0
1.56434856014,-2.79350287135,2.0
2.20795271874,-2.05698231613,2.0
-0.200354923661,-1.32348822787,2.0
-2.55442583305,-5.87849130177,0.0
-0.583614724729,3.68187469829,1.0
0.957822233701,-1.42238432622,2.0
-1.71425113589,-7.94702260393,0.0
1.51770323299,-2.64190444638,2.0
-2.57002319199,-4.64187756201,0.0
-0.694518172148,3.53202382241,1.0
2.71475707449,-3.44722626541,2.0
-1.41031049652,2.99804505344,1.0
-2.87879961068,-5.84658637664,0.0
-4.35830945074,-7.87431935463,0.0
1.27335732938,-3.16372804897,2.0
1.76601665694,-1.25001909809,2.0
-1.86043114664,-7.33682777541,0.0
-1.08620112202,4.83376015192,1.0
-2.54767328036,-3.93715754569,0.0
-1.69076356338,-6.73872646636,0.0
0.0916961510982,0.642283636353,2.0
0.754033722393,-3.36978688362,2.0
-4.12878708717,-8.08555297278,0.0
2.74166021003,2.8147233088,1.0
0.954554792151,2.8418689013,1.0
-1.62718121041,-6.73016232422,0.0
-1.93813833186,-4.75247722248,0.0
-3.0532230983,-6.48703333833,0.0
0.139288177338,4.48051500687,1.0
1.70186107287,-0.592792103181,2.0
1.30129889484,-2.09626674843,2.0
-0.441085460226,1.6474766467,1.0
-2.42420687247,-5.50680792866,0.0
-1.28642292034,-7.47856491382,0.0
-3.35658254843,-5.68921306354,0.0
-2.94293447662,-6.23128020741,0.0
-1.42850926331,-5.97267821398,0.0
0.131011419664,-2.05127258991,2.0
-1.80779482834,-7.0446348147,0.0
-0.41545502381,3.15464407082,1.0
-5.19684352953,-6.29876803491,0.0
-3.09900332167,-6.26780431748,0.0
0.756236140656,2.8448199387,1.0
0.804062498644,1.6498828641,1.0
0.56418816694,-1.96860183563,2.0
1.42493486995,3.95154857777,1.0
2.33438079745,-1.50628198622,2.0
0.10468520112,1.88606135671,1.0
0.0729588057265,-2.09259696545,2.0
2.32434113762,-2.59235950338,2.0
2.13487052312,2.33310837422,1.0
-1.78485175041,-6.9899316097,0.0
1.91277406336,-2.64996331837,2.0
-1.60266246392,-7.5733839635,0.0
1.26819857356,0.133472414508,2.0
-2.50266414317,-6.4315614637,0.0
-3.2689492511,-6.23194416756,0.0
-2.30781415498,-6.57800362978,0.0
-2.09318262061,-7.71259146018,0.0
-2.82630098692,-7.15299605844,0.0
-2.30506633765,-9.09228004595,0.0
0.631779669954,-3.16877538265,2.0
-0.783218710076,-7.43669523025,0.0
2.23295449214,3.258164339,1.0
-2.9858520985,-6.46563050519,0.0
-2.32642360917,-5.70993519886,0.0
1.39995818169,-1.70233456502,2.0
-0.125670571273,-1.25716593657,2.0
0.34539438849,2.05610857814,1.0
-3.15481784921,-6.30085679985,0.0
-0.187507661423,4.39301396217,1.0
-2.47985082023,-8.25886823918,0.0
0.570035068223,3.35844217012,1.0
-2.36588713561,-6.76622013261,0.0
1.22756130516,3.36509920184,1.0
-2.1731970789,-6.27781514724,0.0
0.854570419619,-2.06628181667,2.0
1.71083255021,4.94504318193,1.0
1.80433179655,2.99039057375,1.0
-1.02419767828,-6.26888028268,0.0
1.56989696627,2.88114674762,1.0
-3.3809885856,-5.50342670202,0.0
-4.24969308671,-7.6556047131,0.0
0.894129038996,2.56609358194,1.0
-4.5107175186,-6.85582035583,0.0
1.99588589863,3.77104037907,1.0
-4.06205219298,-5.50852593121,0.0
-0.762068583807,-2.50946651333,2.0
-3.71606634473,-5.38172679666,0.0
-3.34006359189,-7.56716632779,0.0
-1.95107407981,-6.12911652189,0.0
0.57411241238,-2.26358846037,2.0
-2.61250465932,-6.86907408581,0.0
2.01787551037,3.84266510834,1.0
-1.99365856081,-6.63810245968,0.0
3.48942438008,3.4611899167,1.0
-1.856393048,-5.23513112838,0.0
1.23248268335,-0.474691776128,2.0
0.73531447156,4.38444380644,1.0
-3.24659869541,-7.75099609185,0.0
-0.975833822722,-6.083359964,0.0
-2.04907586441,-6.57931458927,0.0
1.72178027358,2.6658298713,1.0
-0.418665422608,3.69730037052,1.0
1.01250218142,-1.58577604186,2.0
1.13214246173,-3.24833563629,2.0
-1.17349874684,-6.70194688238,0.0
-4.89016838735,-4.7288135793,0.0
0.830187979875,2.63354127211,1.0
-2.76044908039,-5.78944887483,0.0
1.61760186894,3.57783229218,1.0
-3.18385873059,-6.53106403052,0.0
0.507968418655,2.02364536484,1.0
-2.80150095788,-7.49436847696,0.0
1.17639492913,1.81810061988,1.0
0.767061232919,-0.078704125681,2.0
-2.11671249256,-6.20860466797,0.0
-2.76693168946,-6.81956790245,0.0
-2.0523930814,-6.8210104598,0.0
2.54599374069,-0.17361819408,2.0
1.36376728201,1.14667154738,1.0
1.92209201778,2.23795482745,1.0
-3.41692448855,-5.13630192244,0.0
1.64084952806,-2.52575543174,2.0
1.44923999953,-1.95529289563,2.0
-3.59291969974,-5.88237133662,0.0
-0.0163049718463,1.02247418706,1.0
-2.10238222961,-5.18438730834,0.0
0.381810001689,-1.0834833364,2.0
1.08554695123,4.31495193693,1.0
-2.5637129349,-6.03106879693,0.0
1.56008960232,-0.732376950453,2.0
-3.01704818964,-5.12567110985,0.0
-0.74170717707,3.68144954038,1.0
1.61912247799,-2.95006000844,2.0
2.07173107276,2.17337765403,1.0
0.494023555488,2.18037947494,1.0
-0.760032154833,-6.51641688504,0.0
0.834599412246,-2.55584906823,2.0
1.04388711145,-0.999945802368,2.0
-2.14333729519,-8.02139136576,0.0
-2.44730883321,-7.16201206346,0.0
-2.65399102369,-6.91920283619,0.0
-3.13187776703,-7.42484994649,0.0
1.0173968724,-0.225662404288,2.0
-2.51406771078,-7.30547770317,0.0
0.715691907889,2.16830689858,1.0
-2.35903437731,-7.16615439578,0.0
0.110307290003,2.79153404786,1.0
-2.69627744663,-4.6232413381,0.0
-3.71384690949,-7.71612209796,0.0
2.5581248648,-1.42250971873,2.0
1.00668492631,2.36916241416,1.0
-3.26153637048,-4.78560480489,0.0
0.508749405481,3.48076497632,1.0
-3.19256723772,-6.76347126152,0.0
-2.36269316941,-7.89746629948,0.0
-2.01112805005,-6.93087683568,0.0
-0.811302712737,-1.04643485896,2.0
1.0629834555,1.69394882221,1.0
1.93275119428,2.66621245731,1.0
0.102021744773,3.97494476356,1.0
-3.49301654489,-6.93125698341,0.0
-3.16682582269,-5.88040623109,0.0
-0.466738385496,-2.3430589939,2.0
0.313690284802,3.4562312482,1.0
0.56186855835,3.45236953774,1.0
-5.02679023773,-7.30722230271,0.0
-1.11364004067,-6.50669677104,0.0
1.37452016108,1.37595458565,1.0
0.685281036204,-2.86428100828,2.0
-1.16929579041,-7.63060716424,0.0
1.97969452564,-3.8208560338,2.0
-0.652755984567,3.97788761057,1.0
0.207593589078,-3.62147022065,2.0
-3.25064933866,-6.43032899459,0.0
1.58957485603,4.40384938229,1.0
1.02163622836,2.82793058366,1.0
-1.00790335419,3.39666430811,1.0
1.18193623922,2.64904478456,1.0
-2.44847102608,-6.700460826,0.0
2.94507627395,-1.75720357519,2.0
0.519240194473,-0.940554845028,2.0
2.64313909034,-2.88439361272,2.0
0.6400839401,3.20755837488,1.0
-3.08572729718,-7.24341397018,0.0
-2.68245851488,-9.20822644153,0.0
-1.40646089266,3.27492652739,1.0
-2.45532007134,-7.91928807569,0.0
0.661259771023,2.88342033697,1.0
0.65548647179,3.45429182881,1.0
1.74606051188,3.26227795479,1.0
0.281026583299,2.15606640471,1.0
-0.333223582836,2.99101804092,1.0
-2.64972157386,-8.16198250232,0.0
-0.0600306198226,2.43282816763,1.0
2.64237614649,3.73167139005,1.0
0.992595061349,3.0276566453,1.0
1.64501192808,-2.92732048038,2.0
-0.557930085618,-6.79539328253,0.0
0.0178792919724,4.68659277097,1.0
2.71602165961,-2.29150160795,2.0
0.846419448468,-1.07164708449,2.0
-1.92267396187,-8.6392425386,0.0
-3.01239004349,-7.47898365925,0.0
1.12167212656,-1.74030100262,2.0
1.89386156382,0.0771525175325,2.0
-1.9608290348,-6.93254447655,0.0
-1.9208563687,-6.28637317221,0.0
0.229468673942,-1.27935333759,2.0
-3.44526357304,-7.45892956816,0.0
0.106853956288,-5.76834262484,0.0
-0.977889654364,4.02328367358,1.0
2.0897006218,-3.94175198734,2.0
-2.2293999779,-6.6681057824,0.0
-1.6210404002,-6.0516596412,0.0
1.36010116994,-1.02857132193,2.0
-3.30917649453,-6.38748191653,0.0
0.401485731342,2.69353155092,1.0
1.05359541856,3.88541246434,1.0
0.959422005396,3.4048815067,1.0
1.21834200602,-3.06364407963,2.0
0.916562842824,-1.01673027287,2.0
0.204249458569,3.96664029724,1.0
1.38473519538,-0.626853802453,2.0
-0.755320143207,-6.73120680929,0.0
0.652146732235,-1.76009462766,2.0
2.63409889847,4.1919598213,1.0
1.97543262616,-3.38235047816,2.0
-1.61433561307,-6.06322590611,0.0
2.07012666334,-2.73536361258,2.0
-0.440406595561,-1.18097223348,2.0
-3.70400078625,-7.44159427914,0.0
-3.0116596538,-6.61323129422,0.0
0.28818644055,3.87102270536,1.0
1.1871201129,-4.06304285044,2.0
-0.290803826832,-3.56184792644,2.0
1.00281293386,-1.8937288663,2.0
-1.53768300399,-6.33122130949,0.0
2.16511077129,-1.41888570335,2.0
1.58797632741,-2.03414610951,2.0
-0.81107604711,-1.23268473362,2.0
-2.80903212406,-6.87372859014,0.0
-2.029859465,-5.52435913028,0.0
-0.754485090201,3.25970725274,1.0
-0.0126158807149,2.84462768951,1.0
-0.654604761835,-1.63354238503,2.0
-3.05219429352,-6.95232583079,0.0
-1.99607655362,2.70353479911,1.0
0.899361331398,2.70410510965,1.0
1.56897257609,-1.46276137841,2.0
1.85930940051,0.701307989376,1.0
2.06057309268,1.67347290069,1.0
0.538878667578,-3.94113625834,2.0
-3.22909123865,-4.9859801206,0.0
-2.86616793382,-7.34888899868,0.0
-0.464796629248,-6.64432990509,0.0
1.49378165239,3.15739987663,1.0
0.826055977137,-1.6499640425,2.0
1.77602851167,3.46910309885,1.0
-0.354541842137,4.00630672813,1.0
-3.5616001236,-6.90910426923,0.0
-2.04733668725,-5.6997495831,0.0
1.56751515144,-2.73126788539,2.0
-4.69112030694,-7.78679876658,0.0
2.31070280473,2.2708724653,1.0
-2.93765384109,-6.79632637671,0.0
-3.03167240586,-7.16796552025,0.0
-2.54742015378,-7.1891218674,0.0
0.570403239727,-3.17486171181,2.0
2.12511894075,-2.17801989941,2.0
1.66367508181,2.56913458462,1.0
0.341512224984,-3.38672727752,2.0
0.560141376238,-2.64769487293,2.0
2.0147656167,1.90062119577,1.0
1.8813481256,3.30118923272,1.0
2.07616943873,-3.20467186067,2.0
-0.922406120864,-0.946147760642,2.0
0.580668801919,-2.17617478533,2.0
-0.139647379744,4.43595054588,1.0
0.679121481011,1.51934810399,1.0
0.668563893473,1.90470711532,1.0
1.55401707637,-2.5894558144,2.0
-0.897605249453,-8.39768060844,0.0
0.0728367200821,-2.23152206672,2.0
-3.55433323783,-4.463991447,0.0
0.563840780056,3.03888672828,1.0
-1.03364109653,-6.17667419392,0.0
1.56445559942,-2.07511731149,2.0
0.604604587642,3.06674207827,1.0
2.4883864898,-1.89697632871,2.0
1.35204557115,-1.92339359619,2.0
0.120768461193,3.04106071503,1.0
2.13174285071,-1.25499386177,2.0
1.26110171104,-1.22440408317,2.0
2.49162979912,2.99129962068,1.0
1.35741651958,3.27199551523,1.0
0.136140363768,3.17588939179,1.0
2.52717949799,-1.0521647585,2.0
2.23774651026,-0.836630115311,2.0
0.664746845857,-2.65119475533,2.0
-4.05654831442,-7.81314592077,0.0
0.104214752249,2.79157156158,1.0
0.642540969004,-1.24012919176,2.0
0.422591783511,1.39599122226,1.0
1.06902487862,-1.54942943758,2.0
2.50435091385,-1.87562448687,2.0
-0.100272400227,-1.9203249469,2.0
0.133958275996,-3.48678741138,2.0
1.50138223651,4.51249619012,1.0
1.59127723319,-1.91254395641,2.0
1.05472103612,0.898066401264,1.0
1.08468762286,-1.42381415779,2.0
1.88038015709,-1.7490417549,2.0
0.971233007777,1.51924152448,1.0
2.95182631944,2.76472770182,1.0
-2.48092138848,-7.16197599397,0.0
-1.05660803156,3.04826459868,1.0
0.560489750663,-0.0284077023934,2.0
2.29221213796,-1.98749129869,2.0
0.689779176001,-1.87690410895,2.0
-1.23562740882,-4.77829875516,0.0
-2.45025660819,-7.19682353556,0.0
0.0168638790075,1.7255295499,1.0
0.233402295533,3.9289297788,1.0
-2.86305701823,-4.42779960604,0.0
-0.918671512597,2.20146112538,1.0
-2.51451674846,-5.23740002961,0.0
-0.425992148578,-1.4636373187,2.0
-3.43145347723,-5.88505469074,0.0
0.669528997615,-1.96505604245,2.0
0.0931659412056,-1.59391163763,2.0
-2.01714572931,-5.65830066567,0.0
-2.23231922804,-7.03575878425,0.0
2.23318199308,-2.78239918428,2.0
0.989131477655,3.53392264212,1.0
-0.642158182126,-1.70299367018,2.0
-2.30568820016,-5.58639728463,0.0
1.04532730311,-1.35840063101,2.0
1.83643724013,-2.55832268431,2.0
-2.78668678699,-6.14200608176,0.0
1.72072568518,-3.18866660062,2.0
1.14065067402,-2.15906630904,2.0
-3.04682372144,-6.00437698856,0.0
0.169606997264,-1.61609845931,2.0
-2.70224193466,-5.78050423574,0.0
-2.05964632257,-7.08067142048,0.0
1.53147567215,-1.15621427217,2.0
-3.19584001718,-6.96849602134,0.0
1.13453920478,3.50325595133,1.0
-0.626717670416,4.0692193296,1.0
1.047961948,-1.81261104775,2.0
-3.00463587604,-6.59708307507,0.0
-1.84627160661,-7.67851260454,0.0
-2.69828444504,-5.15397136933,0.0
-2.10430963066,-7.2787905055,0.0
-2.32158881638,-4.77318842771,0.0
0.486137397375,-2.049580666,2.0
-1.25240116687,-6.65022098416,0.0
-2.7453515952,-7.76893950136,0.0
3.50134623514,-1.59174248864,2.0
0.715005582615,3.21077340363,1.0
-1.57749201763,-6.33325255013,0.0
-0.149093627011,-8.44527312806,0.0
-2.35777413501,-8.13449251473,0.0
0.460042026576,3.25025663238,1.0
1.78889481913,1.2454278662,1.0
-0.181757009932,2.27300883943,1.0
-2.81550160713,-5.46193649163,0.0
-2.15348841161,-5.82917469853,0.0
0.061300667531,2.22309229513,1.0
0.0275949305947,-3.01220867467,2.0
-2.60525754209,-6.21860823183,0.0
-0.54782808126,-6.52615896092,0.0
1.56109335451,-2.65100045824,2.0
-2.84051422188,-8.3683634055,0.0
0.281996117256,-4.12281884238,2.0
0.653332414343,3.04050114894,1.0
1.7168401906,-1.54632768616,2.0
-2.45076630735,-6.77167701327,0.0
-3.86160673083,-5.92041611524,0.0
-3.75486813602,-8.25558169572,0.0
0.990485544605,2.99969236646,1.0
-2.86208522748,-6.64060027456,0.0
2.49622508342,-1.51781979257,2.0
-3.03148866528,-6.65057527704,0.0
0.610336028927,-2.49432671396,2.0
1.32758921419,-0.150761414513,2.0
0.956226894905,4.82311162165,1.0
-2.68866706459,-6.81974211242,0.0
-2.2991415143,-7.82631164997,0.0
-0.451698609495,3.87212975677,1.0
0.291120916732,-1.78736615459,2.0
1.70810175908,1.50153053238,1.0
1.07667971632,4.39718910459,1.0
1.14467101635,-1.53103852291,2.0
-3.40556156024,-7.89298527934,0.0
-2.11658876629,-6.62483453278,0.0
-0.0831061689401,1.90799888399,1.0
2.25808616967,-1.59773682806,2.0
1.26562758889,3.42218922874,1.0
0.852672840086,1.29048122904,1.0
-1.22248388711,-6.65266418537,0.0
1.3242037968,-1.34651890869,2.0
-2.23101427388,-7.35346175853,0.0
-2.62035176364,-7.19869594003,0.0
0.86001391299,3.25254288426,1.0
1.9784712069,2.34296636467,1.0
0.699113210862,3.47038614315,1.0
-0.242276580024,-6.35159117507,0.0
-0.0897679961616,-1.16011560487,2.0
-3.16944756938,-9.05390312718,0.0
1.33870090451,3.98654643083,1.0
-3.65243705559,-6.0338996744,0.0
0.92990294363,2.86476091246,1.0
1.59071758587,3.74719116749,1.0
0.534619517611,-1.7129196029,2.0
-1.97447130421,-7.21397077969,0.0
-1.00664479657,-6.46866973734,0.0
2.04355711366,-3.93901589123,2.0
0.705086797795,-1.78089208113,2.0
0.615503376912,-1.85282046556,2.0
1.26138362586,3.39967639127,1.0
-3.15138272091,-6.73636212136,0.0
0.678449672747,3.7245429241,1.0
0.480083127569,-3.25011664631,2.0
0.62053632058,4.06963048846,1.0
-4.1741865581,-4.87096758499,0.0
-2.97081297495,-6.29404797829,0.0
-0.0941389874008,-2.48472452654,2.0
-2.18099882425,-5.14625002445,0.0
-0.998477084463,-5.52062235201,0.0
-0.269939033325,2.0964099183,1.0
0.147830974797,1.59677082789,1.0
0.432133219527,2.76816087334,1.0
-2.68330012365,-6.60757417304,0.0
1.01988042055,-2.25375909037,2.0
1.73586091422,-0.834990455878,2.0
1.94921640444,-2.31431519401,2.0
-2.30936085118,-7.65771623874,0.0
-1.95038248329,-6.0163211373,0.0
0.552666607654,3.85409125911,1.0
-3.83060170238,-6.94912675818,0.0
-2.59475990531,-6.71970512695,0.0
0.898210110942,-1.49910966129,2.0
0.909298040843,4.33548038919,1.0
1.87321178293,3.60673326814,1.0
-0.429239215486,3.94876970898,1.0
0.429714988237,3.8616055529,1.0
0.0970505979287,3.2820021309,1.0
0.518049086939,4.48914791252,1.0
0.471441429618,-2.82792873203,2.0
-0.0561377605601,0.106263400338,1.0
0.126309074342,-2.75163152968,2.0
0.254199937472,4.1988633807,1.0
0.46656054885,-3.2071144722,2.0
-0.298602543137,3.80909862769,1.0
0.240070682843,-2.63962782755,2.0
-2.07939420322,-6.18788422018,0.0
-3.25488383149,-6.15677234837,0.0
2.06696382264,0.252591226299,2.0
2.18079780197,-1.85101275834,2.0
-3.27814211345,-5.69718983905,0.0
-3.28794447276,-6.48713838669,0.0
1.04687015071,-1.23193008951,2.0
-3.06565920983,-7.20023531006,0.0
-2.24355082405,-6.90880319409,0.0
1.85289228649,-2.46319804836,2.0
-3.1651981444,-5.45922391577,0.0
-0.246903608166,2.29758746155,1.0
-3.0417777068,-5.9698551572,0.0
-1.74070650322,-7.20724056407,0.0
1.24457264167,-0.0580533489788,1.0
0.870879423702,5.3209000376,1.0
1.27863488654,4.21594291205,1.0
0.713984256167,2.53516298068,1.0
1.6870821769,-1.50497207877,2.0
-2.32050693006,-6.44098175095,0.0
0.815604668462,-3.4568406015,2.0
1.56464189063,4.17564683683,1.0
2.00860147956,-1.94636264543,2.0
0.315028776917,4.21583219324,1.0
2.89343505535,-2.26806580776,2.0
-3.9454129497,-7.05443422798,0.0
0.848203072994,-1.62696868799,2.0
-3.24998948749,-6.25499076272,0.0
-1.97919329705,-6.37634119109,0.0
-1.00581103127,3.18662798485,1.0
-2.53874184971,-6.11201119845,0.0
-1.9157405292,-8.29202410514,0.0
2.69301868186,-2.37358727481,2.0
-3.19206895228,-7.80557159651,0.0
0.462528203417,-1.42898536684,2.0
0.990619137044,3.76967116006,1.0
2.91766466131,-1.87473002684,2.0
0.75993011184,3.65200739269,1.0
-2.2778907907,-6.69466501534,0.0
0.682461746065,3.20377526698,1.0
1.50460691273,1.53022354958,1.0
-3.43929665304,-8.67774661912,0.0
-0.0941119479199,-2.11764278245,2.0
0.796859302658,2.62443487402,1.0
3.02451917234,-0.573629489722,2.0
-1.75693427707,-5.69721739386,0.0
1.39498570536,3.09696723425,1.0
0.690617262666,-0.465574549039,2.0
-0.81287288269,-1.18772530329,2.0
0.664200345513,2.66758488134,1.0
0.361522702961,-1.90082444723,2.0
2.61582222875,-0.994179440898,2.0
-1.59873415849,-8.35203580246,0.0
-2.00051318001,-4.89186252272,0.0
2.1676382618,-1.08243374277,2.0
2.42130464689,-2.15010572483,2.0
-1.69006175079,-8.15717037283,0.0
2.98233778166,-2.7621660423,2.0
-2.77233067329,-7.51351874719,0.0
1.20452073719,-0.571007152711,2.0
3.79558243179,-1.48178907163,2.0
1.25644315498,-0.686005472116,2.0
1.55899152225,3.86608998917,1.0
0.511541798258,2.09783199124,1.0
2.00267521539,-2.00903792336,2.0
0.351881811654,-1.63327752097,2.0
-2.3116373831,-6.83104715493,0.0
0.31792548351,2.16971256459,1.0
1.39565030079,-1.84277601134,2.0
-2.60471854172,-6.53251649235,0.0
-3.24382813402,-7.12331565714,0.0
-3.34979425481,-7.20417102217,0.0
1.05278488693,-1.91451649447,2.0
1.98311070123,-2.2429909346,2.0
-0.0250571292464,2.07833991299,1.0
-3.3275569452,-6.72323659458,0.0
-1.84973605851,-7.57002354865,0.0
-3.0872863559,-3.88791770421,0.0
1.0010018006,3.38655506264,1.0
-1.10753123636,2.92831888536,1.0
0.976338878868,-0.169398834365,2.0
0.100288416944,3.2209268645,1.0
-0.30910630442,-1.86025818652,2.0
-0.123524174096,2.95482848653,1.0
-1.79115472919,-4.51592789447,0.0
1.64727306053,2.03903702901,1.0
1.50606510743,-2.23389745731,2.0
2.77979510427,2.82210309758,1.0
0.627726527733,-0.322617764468,2.0
-0.146681489217,3.02720184002,1.0
0.0636545660952,3.64322508501,1.0
1.003291135,-1.40138655533,2.0
1.09367137661,-2.64704275921,2.0
1.69163632258,-0.585329905122,2.0
-3.09755926283,-6.42373091002,0.0
2.28457239096,-2.79265764619,2.0
1.86855131834,-4.15642143736,2.0
-0.480127055405,-1.52321457089,2.0
1.79862891215,2.94001746918,1.0
0.349948035416,1.73374110033,1.0
1.33104044406,3.25090221332,1.0
-0.231260591268,2.61171102484,1.0
-2.06200202263,-4.26538261722,0.0
-0.512067068952,-2.8936614552,2.0
1.25468831805,2.69556874251,1.0
-3.28260353843,-5.11584424531,0.0
0.930171506339,3.82153969533,1.0
-0.935913703844,0.413075404505,2.0
-3.16167851452,-4.92028585647,0.0
-0.129368383304,4.1714334447,1.0
1.96413727698,1.06793294471,1.0
1.56958987155,-3.91018591846,2.0
-2.18994216894,-5.50794590882,0.0
1.03940727765,0.588959099765,1.0
0.829842602736,3.39365834045,1.0
-3.12317436044,-7.25842592623,0.0
-1.8654955784,-6.1148427131,0.0
-2.17230216722,-5.51130012241,0.0
-3.15213617619,-5.59490622394,0.0
-5.21195729101,-6.93411523434,0.0
0.796894107093,-2.37950007944,2.0
2.08913278005,-2.88409281905,2.0
1.13984234631,3.03708343056,1.0
2.20351817699,-2.71560537975,2.0
-1.50422216916,-7.13386606005,0.0
1.27461371539,-1.32548293189,2.0
-1.64569377044,-1.73266141993,2.0
-0.241888880723,-1.5676949605,2.0
1.66162503005,-3.02413022371,2.0
1.89922615844,1.54007753463,1.0
-0.538716253968,3.77281427397,1.0
-1.04495568336,-5.46143104246,0.0
-1.8448057261,-6.54554523319,0.0
1.50767828246,-2.79668249788,2.0
0.255524616864,-7.74384076636,0.0
-3.67778805443,-8.24905439148,0.0
1.83002722562,3.36888417644,1.0
-0.497613788009,-0.629092872614,2.0
1.04453053515,1.80831357537,1.0
-2.85234791974,-6.81011036465,0.0
1.6284841682,3.10880434254,1.0
4.12706433941,0.926446416794,2.0
0.107879672587,3.97294572105,1.0
-1.82773139529,-7.12847354787,0.0
1.81742695093,-1.18669187708,2.0
-4.52146553549,-6.42888608503,0.0
-3.20988665963,-6.60499928657,0.0
-3.94494359381,-7.23889513961,0.0
1.79100025896,-1.45634466197,2.0
-0.364461444797,1.53482235787,1.0
2.12144422641,-1.38347416826,2.0
1.31191699067,-3.41067053881,2.0
-2.41257212492,-6.97675270879,0.0
0.777030032471,-0.68932877755,2.0
-2.68614349402,-7.54576085491,0.0
-0.47995228947,-1.36501054798,2.0
-1.98747054366,-7.63542203104,0.0
1.768965502,-1.37577403045,2.0
-0.950044322535,-3.02731858658,2.0
1.51406505614,-0.258346487011,2.0
1.84318802835,-2.05691506084,2.0
-0.268102030237,3.16171575669,1.0
-3.07839778862,-6.46476974505,0.0
-2.90955292393,-6.23007047013,0.0
-1.63411977405,-6.87827800599,0.0
1.55528999594,-3.68166030556,2.0
1.50296978051,2.88474449397,1.0
0.682519322352,1.59758056368,1.0
-2.07943584943,-4.76343634829,0.0
1.55535109946,4.86412999621,1.0
0.540912465595,-3.7274437,2.0
1.42789344371,0.0191468199913,2.0
0.837865779432,3.07862780597,1.0
-1.28213712306,2.46547094844,1.0
-0.336203648672,3.4801235866,1.0
-2.10301043219,-4.9748651963,0.0
-1.20245533678,-6.49378497155,0.0
0.237101064084,1.99894858132,1.0
-2.54201914731,-6.61506650953,0.0
-0.173912262608,-1.40365734171,2.0
-2.53509063692,-6.20364502034,0.0
0.524758347177,-3.04440096389,2.0
-0.108199568405,-2.12213837751,2.0
0.215161094111,2.52814689728,1.0
0.904345933572,-2.87761275043,2.0
-1.69825728674,-6.09448150229,0.0
-0.305666619088,-1.77636488739,2.0
1.72657931905,3.49079166644,1.0
-2.78851853153,-5.28009945664,0.0
-0.488391210876,-1.55347380333,2.0
2.41699322303,1.78235791332,1.0
-1.81756196211,-7.29809681047,0.0
0.252949484878,1.44996860908,1.0
1.76748471261,-2.08710543852,2.0
-1.55105065866,-8.32086682451,0.0
0.024669409252,3.4601870164,1.0
0.735652341121,-3.62098786979,2.0
0.605386426255,-1.7092069005,2.0
-3.58326942724,-7.23591755027,0.0
-1.27584126744,-2.12079686597,2.0
-4.47948251401,-4.3653976509,0.0
2.60665683805,2.63048301433,1.0
0.92276670835,3.68936891803,1.0
2.34501782241,-2.35387774452,2.0
0.477703920377,-2.08417960489,2.0
0.253241672511,-0.257140813062,2.0
1.1239494488,3.08003046956,1.0
-3.88449090367,-5.27526461812,0.0
-1.81264710934,-7.91960760223,0.0
-0.837198026335,-1.86960912702,2.0
-4.15392722043,-7.26005754665,0.0
0.901584441612,-1.76147147279,2.0
-0.935009538133,-1.32761610799,2.0
-2.11760405688,-9.24851470231,0.0
-3.42310283696,-6.73583064696,0.0
1.81251701748,-2.13586882346,2.0
0.666563065934,3.10332587215,1.0
-1.94194198716,-5.06722203432,0.0
1.24068686971,-1.84249414205,2.0
1.52869973516,-2.24292119971,2.0
-2.84521936878,-5.39902910848,0.0
2.33869048786,-1.22531085288,2.0
1.52783042819,3.24973748965,1.0
-3.68977443143,-6.13380338663,0.0
-3.37846284362,-7.66293570151,0.0
0.0720530833964,3.67257026222,1.0
0.677335099562,3.95723737998,1.0
0.693122160441,-2.04749061928,2.0
1.56270139647,2.32668353398,1.0
-2.3442163659,-7.26428260486,0.0
-2.41888172468,-5.27670307356,0.0
-2.21255953543,-6.07811220002,0.0
2.04475987887,-0.335498267853,2.0
-2.4669058432,-8.09479576808,0.0
0.223279563991,-1.67840647806,2.0
-4.47170966788,-6.06987104024,0.0
1.0032750454,-2.6672121741,2.0
-0.43291934102,-7.19341262447,0.0
0.381964459993,3.24798259334,1.0
-5.13142403492,-6.800893069,0.0
-1.74458046072,2.68615320007,1.0
-0.0839980831637,2.8861986215,1.0
2.63315878171,1.80385816201,1.0
0.363625444957,1.66589112647,1.0
-3.9194999409,-5.51401661496,0.0
-0.89282143544,-2.37315280607,2.0
-2.3545472496,-6.09313129021,0.0
1.28161735835,1.78597594358,1.0
0.0862420824271,3.26304212753,1.0
-2.43872257908,-7.47536541806,0.0
0.495342110905,-2.46631186054,2.0
-2.13822515489,-6.40350450411,0.0
0.307953543262,0.777587206677,1.0
0.969080916665,-2.85606780736,2.0
-2.83900124149,-7.11310016772,0.0
-2.95222317327,-5.55270050504,0.0
-3.6450476948,-5.63339478944,0.0
0.33691680747,1.74055308421,1.0
0.725025764647,-3.01680954609,2.0
-2.50922738833,-9.04749142364,0.0
0.566483580495,2.43757448666,1.0
0.260943963981,1.89789694674,1.0
0.97040974756,3.6428731511,1.0
0.718940288891,5.86013936445,1.0
-2.64932023851,-6.43853089544,0.0
1.55490372107,-0.480819926099,2.0
0.958225897818,0.0828298717431,1.0
-2.75053049469,-6.99971064763,0.0
-1.78246249056,-6.51766016435,0.0
0.916381979334,1.31920567178,1.0
-0.739803572334,2.92913811712,1.0
-3.61003653332,-7.17310330364,0.0
0.75566581312,2.98683600812,1.0
2.44975058822,-2.94341303181,2.0
-3.43120568544,-7.271230239,0.0
-0.793596582127,-1.21472842806,2.0
-1.87159262281,-6.4454139105,0.0
0.786318958579,3.3943824168,1.0
1.51915400682,-1.12802139606,2.0
1.91557817001,-1.94586227247,2.0
0.283454939028,-3.14198932683,2.0
-1.74028284745,-6.80264141435,0.0
1.02275800747,-1.95340404183,2.0
1.03016120882,3.93924577582,1.0
0.6885278158,2.92293888656,1.0
-2.28314376109,-6.01171292727,0.0
0.900826492667,-0.298313138643,2.0
-3.14247412495,-10.2725188616,0.0
-2.38801144008,-5.90403754765,0.0
-0.158589764014,1.94867216662,1.0
-2.51092892632,-6.50292063861,0.0
1.08457233237,-2.06565567729,2.0
0.774310438537,0.398278589512,2.0
1.06547284505,3.96073586536,1.0
1.37698003994,-2.35026882873,2.0
-0.608024019053,3.3304771712,1.0
-0.390584366576,-2.26442803587,2.0
-3.12821913424,-6.69309629027,0.0
-3.72340733081,-6.25933852121,0.0
0.597957656334,1.61751392914,1.0
2.56273087816,-2.45601541007,2.0
-1.21210544738,1.16830372338,1.0
0.882227833845,2.67864892634,1.0
-0.745313044924,-7.57550434545,0.0
1.42524177168,-2.3692665692,2.0
-0.103284631053,-2.03980101153,2.0
1.97064506098,4.33483107679,1.0
-0.977316021957,-6.65710325111,0.0
-1.02937264321,-5.05540575255,0.0
-2.76376907082,-8.21653928016,0.0
-4.98880198341,-8.10461709511,0.0
1.99504842794,4.72952712422,1.0
1.90994969672,2.96900129243,1.0
-4.23172459913,-5.50930871219,0.0
0.453347420065,-3.91647423178,2.0
1.18126350432,3.18024135431,1.0
0.807359797923,-1.43196986064,2.0
-0.571359535328,1.9164714697,1.0
2.15599174403,-2.40243226048,2.0
-1.58603180652,3.9003785555,1.0
0.119641148005,3.55206911332,1.0
-2.44970062207,-7.91833855069,0.0
1.51291937673,-0.959396305829,2.0
0.795573845096,2.71080567892,1.0
-0.569485039772,2.552250431,1.0
0.42230751778,3.71687026688,1.0
-0.675570933774,-0.795655130458,1.0
-0.132314121531,1.43198508434,1.0
-0.539231942168,-1.8506626721,2.0
0.260819830948,-1.43054533183,2.0
-4.27081426478,-6.28804860813,0.0
-0.757639146099,-4.87671000813,0.0
1.63466835536,1.66267308305,1.0
1.96567932407,-2.10715979366,2.0
-2.30702203856,-6.2570086277,0.0
0.879938710256,-2.01124988036,2.0
0.438767040365,3.61086639731,1.0
-2.48125880213,-6.97185468816,0.0
-1.23011426121,4.12523779055,1.0
-2.55452637663,-6.27567135547,0.0
2.35203267601,-1.63625480314,2.0
-2.5835269685,-6.59207490947,0.0
0.236317149681,-2.78763096695,2.0
0.933194470062,-0.243164531137,2.0
1.94262571542,-2.03577235263,2.0
0.782539120955,5.56657490048,1.0
-3.53136554534,-5.67003287942,0.0
0.877018210668,3.09601996212,1.0
0.684853726037,3.27224707732,1.0
-3.62557822775,-7.43307678549,0.0
-3.55678773138,-7.88689827036,0.0
0.190037947197,-2.25236349378,2.0
1.59430653176,-2.45026522594,2.0
0.927283946914,-2.35167131931,2.0
0.836197792779,-1.76315869199,2.0
1.01443290719,3.55947967875,1.0
2.04985756478,3.25123571996,1.0
0.0357095082541,2.16671645388,1.0
-2.7519058793,-7.29522597715,0.0
-2.48331994586,-8.07823292713,0.0
0.946549300989,-2.63117507415,2.0
0.975091061775,-1.15305622509,2.0
0.982315096351,-2.72934398107,2.0
-2.80364053669,-6.32512055201,0.0
1.39941099876,-2.58835307469,2.0
-2.09210711147,-7.40084037908,0.0
-2.75452484965,-5.58550878616,0.0
-0.0328160262391,2.97668417142,1.0
1.72893582473,-2.5434610581,2.0
0.058409711018,1.47280846874,1.0
-0.373097863971,-2.48389003008,2.0
0.21791896849,6.31118648564,1.0
0.751359099159,1.55688532196,1.0
0.523476951482,3.27366130504,1.0
-2.23736480029,-4.21766022422,0.0
-2.98639112243,-7.32479155011,0.0
1.06576171803,-2.48379330485,2.0
1.02852355288,2.72484253702,1.0
1.56963903209,4.50371650089,1.0
1.17439023221,4.50713222098,1.0
2.71075184789,-2.79073206461,2.0
-4.02542040056,-3.55153921225,0.0
-3.48495927911,-6.26497042473,0.0
-2.9730210773,-6.34716297601,0.0
2.29453880757,4.59464279329,1.0
1.15185196756,-0.707239404924,2.0
0.137263652965,1.40540874687,1.0
-2.50977002422,-5.78181431758,0.0
-0.0735000215246,4.21947520587,1.0
-1.44454396597,-6.59275982116,0.0
-0.0467672632476,2.56683618538,1.0
1.29514931002,3.88129321458,1.0
1.47191045288,-2.24897898777,2.0
0.315640924263,-1.19305034971,2.0
-1.9278701351,-5.55263850649,0.0
-4.47634214971,-7.40558129018,0.0
-3.33569915202,-5.80731067139,0.0
1.02128137963,-1.36192914215,2.0
-1.97170524947,-5.94886326389,0.0
-0.9821248874,0.89170116274,1.0
-0.0951769804713,1.11811528964,1.0
-2.25100070812,-7.4161989416,0.0
-2.35223657914,-6.17530518671,0.0
-1.89072239162,-6.35754958694,0.0
-0.291840824449,3.72175998078,1.0
-0.084535931467,1.19460103324,1.0
1.51036787985,3.49225547347,1.0
0.338584155073,3.33556458583,1.0
-0.164159025786,2.88799509717,1.0
0.835219300116,-2.87287078867,2.0
-2.40684892698,-6.17679277808,0.0
1.04554533281,-2.46560550372,2.0
-1.14831738296,-5.93084696342,0.0
0.735802083689,-1.17142431298,2.0
-2.32772718941,-7.36759624793,0.0
0.562257024605,-1.33857188943,2.0
0.830284901468,-0.663383116472,2.0
-3.39620429892,-7.47774991196,0.0
0.817433215493,4.02817454925,1.0
-1.19205025661,-3.85177659515,2.0
2.09637003761,-3.5848856615,2.0
-3.28554155774,-5.32637832115,0.0
-2.28171100981,-6.01775345127,0.0
0.907819330528,3.13076636924,1.0
1.21480854371,2.16883485352,1.0
-2.80699575428,-6.82585219725,0.0
0.688220802359,-0.858454585047,2.0
-0.431447382445,2.83927342658,1.0
2.0770987098,-1.80315199687,2.0
-3.19277929219,-4.69069181004,0.0
1.61480154955,-2.13126684385,2.0
1.58685033269,-2.60575938253,2.0
-2.83752123113,-6.4632935582,0.0
0.538818265636,2.1398780617,1.0
0.380998409481,3.71240623312,1.0
1.59109641201,-1.66811656064,2.0
1.75277783395,4.63834553753,1.0
-0.31664012824,-6.78028267048,0.0
0.31132810358,-2.93240102901,2.0
0.757515144788,-8.66964380658,0.0
-1.33823155698,2.37453608463,1.0
-1.67860183814,-6.60592855442,0.0
1.52282783955,-1.32466493169,2.0
-4.81456988223,-7.30613077635,0.0
0.203810561642,-0.444611415745,2.0
1.61139158389,3.54300675362,1.0
0.345888576678,2.01224312108,1.0
1.70640998443,-2.96637589858,2.0
-0.865730048267,3.56331621261,1.0
-2.85813110608,-6.56048029902,0.0
-0.35830013251,2.14530800594,1.0
-3.58246544799,-6.34010621005,0.0
-2.78432007776,-7.22135010324,0.0
-2.36207051332,-7.01800838401,0.0
1.26649835655,-3.35883983427,2.0
1.02006507024,-1.58738509947,2.0
1.69526878171,4.76435524456,1.0
0.236352828734,2.53535126833,1.0
-3.66842304654,-5.88127299538,0.0
-1.43076873562,-6.20312442659,0.0
-3.68482380592,-6.1818260271,0.0
-1.1189246367,3.26324749272,1.0
-3.3155346078,-6.03619342098,0.0
-0.356096932699,-1.57342733572,2.0
-0.677028347112,-1.3726482318,2.0
-0.619505627311,-7.34493893194,0.0
0.588357983155,2.93976545809,1.0
-1.84274034237,-7.74588724516,0.0
0.580671931862,3.21057619877,1.0
-3.65805636571,-5.96518046512,0.0
-0.792235889179,2.68265435741,1.0
3.2399258892,-3.34390784081,2.0
0.151178827628,-1.01176789451,2.0
-2.44452063945,-7.06423554825,0.0
0.80345718239,1.60876896484,1.0
1.08692171849,3.20682313681,1.0
1.84493964413,3.11832337897,1.0
-1.54267365526,-5.79400616247,0.0
-1.16444695253,3.85064088942,1.0
0.518691033278,-2.37852647483,2.0
1.0004854321,2.93308124354,1.0
0.587887178934,3.37514854539,1.0
1.0960397343,3.06041185671,1.0
-1.06608998578,-5.45841569873,0.0
-3.40333563273,-6.85072341224,0.0
0.497557972173,4.07934712528,1.0
0.877580591869,-0.755846969676,2.0
-3.26763561918,-6.80556644225,0.0
1.31499241604,0.039373713906,1.0
0.70588156206,3.36734441703,1.0
0.405758830414,4.13506733206,1.0
-2.36816944361,-7.61133662888,0.0
2.2552444384,-2.48702128737,2.0
0.832979316338,2.58826725135,1.0
-2.51098282486,-7.55677290968,0.0
0.386277640542,4.15194903869,1.0
0.105674444173,2.298291788,1.0
-3.90877440757,-7.44851765451,0.0
0.0362447634395,-1.70312351723,2.0
1.15311200876,2.8768581463,1.0
1.91864320743,-3.07682547184,2.0
-3.5680359265,-7.30468831812,0.0
0.00628086661023,2.60507072315,1.0
-0.0416840436818,1.52778983542,1.0
-1.54793875437,2.02344822757,1.0
1.2986053839,-2.72537161586,2.0
1.46535704833,-3.48234210565,2.0
-0.260103746318,3.0468518575,1.0
0.153584190387,-0.932113456855,2.0
0.538202544483,-2.01095462957,2.0
-3.64742099281,-5.95607317937,0.0
-2.27786906592,-6.30730425311,0.0
-0.665546712661,-0.845939611367,2.0
-3.63092621014,-9.69409054001,0.0
1.29420932013,2.61450766718,1.0
2.02245123499,-1.27227208521,2.0
-2.15054229009,-6.78279025476,0.0
-3.33608738939,-7.88691902061,0.0
0.147878312499,1.27490609536,1.0
1.20096699902,-2.32608997042,2.0
-2.09408273375,-7.95284011436,0.0
-2.98537845397,-6.42468570949,0.0
0.70048656869,3.11431419131,1.0
-3.85767489299,-7.87738881437,0.0
1.00115598708,1.99456350753,1.0
1.78950773713,-1.18662451289,2.0
1.77303769205,2.52560453262,1.0
-2.96322125578,-6.5340076926,0.0
-1.91768082164,-6.41161042698,0.0
-1.65847061952,-6.52833296088,0.0
1.92204985903,-2.45781379379,2.0
0.870408241814,-1.46669728033,2.0
-0.686248608324,0.602732122777,1.0
1.28818865709,3.31258179719,1.0
-1.68437998051,-8.42505062765,0.0
1.37764971093,2.41566945711,1.0
-2.97524851114,-6.57215445597,0.0
-3.11736191987,-7.28293153541,0.0
-4.33911076761,-5.71913939207,0.0
-2.79729737534,-5.77916869753,0.0
-1.20619651996,-0.790663893249,2.0
-0.46730449003,0.439157551402,1.0
-1.97777501792,-6.12201394924,0.0
0.188317648382,2.92375090467,1.0
-2.16545855293,-6.72866529457,0.0
1.3081887394,2.20441555344,1.0
-5.03585508849,-6.65130321888,0.0
1.34891585375,-0.536737573965,2.0
0.209375944602,2.44437585339,1.0
-0.209864102186,3.43602150881,1.0
0.71429148637,-2.15915091136,2.0
1.00275232362,-2.7547701405,2.0
0.894169775595,1.92558536941,1.0
-3.72400309245,-5.96502405321,0.0
1.26603271804,4.45358929585,1.0
1.08207175113,-3.24013962018,2.0
-0.640377876947,-0.390635620118,2.0
-2.65205336266,-7.87076899378,0.0
0.396540118998,-2.28684773854,2.0
0.688799780909,2.32082478087,1.0
-2.13055073455,-5.6643684839,0.0
-0.208166235304,-2.97190896959,2.0
1.29756303064,-1.93509261131,2.0
1.52970803691,-2.46265338145,2.0
-3.83867562787,-8.60602576285,0.0
0.409310418507,2.87413610861,1.0
0.00427035565653,1.85787137074,1.0
0.269022648726,-1.9009809331,2.0
-0.350031076394,3.48917506128,1.0
-2.10112188968,-6.4750326492,0.0
0.346173841421,2.21946533802,1.0
0.865159225695,-1.53411429653,2.0
0.66219052921,-1.26070645123,2.0
-1.83863355376,-7.47369844342,0.0
-2.99852370858,-6.74929395508,0.0
2.49319974808,-0.0295599273061,2.0
1.12076900239,-2.34014335068,2.0
-0.301631749603,4.56821252925,1.0
1.05415328048,2.49844056819,1.0
0.962183033257,-1.31915576758,2.0
3.58576213205,-1.52996310599,2.0
-2.96160914113,-7.90301759793,0.0
-1.19498239043,-7.55799995345,0.0
0.129218727229,-1.72277554038,2.0
0.600729865625,2.50861033221,1.0
0.116848073848,2.52482332642,1.0
-2.31394076135,-6.65138289788,0.0
-2.81965449342,-5.4482881009,0.0
1.45675336696,1.65960909433,1.0
-1.98714717885,-5.62525901788,0.0
-2.82079200061,-6.46832197388,0.0
1.01980591802,1.90265203742,1.0
-4.32284405392,-5.32853387017,0.0
1.63334127863,0.139048180254,2.0
1.54202989118,-1.26358153533,2.0
-2.03683950924,-2.28820820493,2.0
-0.573623254176,-5.99898529885,0.0
0.304857874952,1.57873534348,1.0
-1.19278179933,3.27810620657,1.0
0.397090801481,-2.922743638,2.0
0.13611046645,-1.66224115986,2.0
0.689787418123,-0.610354819398,2.0
1.63900605342,3.39108058021,1.0
2.38983686378,3.7149978378,1.0
0.701856782324,-1.61297605227,2.0
0.574491223757,2.1742680923,1.0
1.43966485703,-3.94296710079,2.0
-1.77534407603,-5.41312096439,0.0
-1.13320325642,3.2930986552,1.0
-0.437343872402,3.72818820919,1.0
-1.53743116564,-7.29592536636,0.0
0.380548110567,-0.691403190406,2.0
-2.43428733764,-4.39584180145,0.0
-2.23848820067,-7.20784820281,0.0
0.173399919927,3.02010125526,1.0
-0.36623985559,3.36043033704,1.0
0.204409014697,4.7931576125,1.0
-0.278275078948,-1.71060842843,2.0
0.768975044417,3.6933633633,1.0
1.5812419226,-1.20622615433,2.0
1.56624460675,3.72320595439,1.0
0.135149695417,-1.81100892678,2.0
-2.56766704901,-6.16415187904,0.0
2.11343639122,2.52948423112,1.0
-0.369980354234,2.27872248954,1.0
-3.81864078523,-7.59311010185,0.0
1.0350550765,-2.85622063047,2.0
-2.63037496154,-6.01965570585,0.0
-1.22982473335,3.65737632089,1.0
-2.07156310999,-6.69748454393,0.0
0.0779287598832,-2.05776905166,2.0
0.365311997095,-3.07811753226,2.0
-2.97673989012,-6.43143142336,0.0
0.873766252678,-1.33711739192,2.0
